0.0 3.759788971935753e-16
0.0007183908045977011 3.759788971935753e-16
0.0014367816091954023 7.519577943871506e-16
0.0021551724137931034 1.127936691580726e-15
0.0028735632183908046 1.5039155887743013e-15
0.0035919540229885057 1.8798944859678766e-15
0.004310344827586207 2.255873383161452e-15
0.005028735632183908 2.631852280355027e-15
0.005747126436781609 3.0078311775486025e-15
0.00646551724137931 3.383810074742178e-15
0.007183908045977011 3.759788971935753e-15
0.007902298850574713 4.135767869129329e-15
0.008620689655172414 4.511746766322904e-15
0.009339080459770114 4.8877256635164795e-15
0.010057471264367816 5.263704560710054e-15
0.010775862068965518 5.63968345790363e-15
0.011494252873563218 6.015662355097205e-15
0.012212643678160919 6.391641252290781e-15
0.01293103448275862 6.767620149484356e-15
0.013649425287356323 7.14359904667793e-15
0.014367816091954023 7.519577943871506e-15
0.015086206896551723 7.895556841065082e-15
0.015804597701149427 8.271535738258658e-15
0.016522988505747127 8.647514635452232e-15
0.017241379310344827 9.023493532645808e-15
0.017959770114942528 9.399472429839383e-15
0.018678160919540228 9.775451327032959e-15
0.01939655172413793 1.0151430224226533e-14
0.020114942528735632 1.0527409121420109e-14
0.020833333333333332 1.0903388018613684e-14
0.021551724137931036 1.127936691580726e-14
0.022270114942528736 1.1655345813000834e-14
0.022988505747126436 1.203132471019441e-14
0.023706896551724137 1.2407303607387986e-14
0.024425287356321837 1.2783282504581561e-14
0.02514367816091954 1.3159261401775136e-14
0.02586206896551724 1.3535240298968711e-14
0.02658045977011494 1.3911219196162287e-14
0.027298850574712645 1.428719809335586e-14
0.028017241379310345 1.4663176990549437e-14
0.028735632183908046 1.5039155887743013e-14
0.029454022988505746 1.5415134784936588e-14
0.030172413793103446 1.5791113682130164e-14
0.03089080459770115 1.616709257932374e-14
0.031609195402298854 1.6543071476517315e-14
0.032327586206896554 1.6919050373710888e-14
0.033045977011494254 1.7295029270904464e-14
0.033764367816091954 1.767100816809804e-14
0.034482758620689655 1.8046987065291615e-14
0.035201149425287355 1.842296596248519e-14
0.035919540229885055 1.8798944859678766e-14
0.036637931034482756 1.9174923756872342e-14
0.037356321839080456 1.9550902654065918e-14
0.03807471264367816 1.992688155125949e-14
0.03879310344827586 2.0302860448453066e-14
0.039511494252873564 2.0678839345646642e-14
0.040229885057471264 2.1054818242840218e-14
0.040948275862068964 2.1430797140033793e-14
0.041666666666666664 2.180677603722737e-14
0.042385057471264365 2.2182754934420945e-14
0.04310344827586207 2.255873383161452e-14
0.04382183908045977 2.2934712728808093e-14
0.04454022988505747 2.331069162600167e-14
0.04525862068965517 2.3686670523195244e-14
0.04597701149425287 2.406264942038882e-14
0.04669540229885057 2.4438628317582396e-14
0.04741379310344827 2.481460721477597e-14
0.048132183908045974 2.5190586111969547e-14
0.048850574712643674 2.5566565009163123e-14
0.04956896551724138 2.5942543906356695e-14
0.05028735632183908 2.631852280355027e-14
0.05100574712643678 2.6694501700743847e-14
0.05172413793103448 2.7070480597937423e-14
0.05244252873563218 2.7446459495130998e-14
0.05316091954022988 2.7822438392324574e-14
0.05387931034482758 2.819841728951815e-14
0.05459770114942529 2.857439618671172e-14
0.05531609195402299 2.89503750839053e-14
0.05603448275862069 2.9326353981098874e-14
0.05675287356321839 2.970233287829245e-14
0.05747126436781609 3.0078311775486025e-14
0.05818965517241379 3.04542906726796e-14
0.05890804597701149 3.0830269569873176e-14
0.05962643678160919 3.120624846706675e-14
0.06034482758620689 3.158222736426033e-14
0.0610632183908046 3.1958206261453904e-14
0.0617816091954023 3.233418515864748e-14
0.0625 3.2710164055841055e-14
0.06321839080459771 3.308614295303463e-14
0.0639367816091954 3.34621218502282e-14
0.06465517241379311 3.3838100747421776e-14
0.0653735632183908 3.421407964461535e-14
0.06609195402298851 3.459005854180893e-14
0.0668103448275862 3.49660374390025e-14
0.06752873563218391 3.534201633619608e-14
0.0682471264367816 3.5717995233389654e-14
0.06896551724137931 3.609397413058323e-14
0.06968390804597702 3.6469953027776806e-14
0.07040229885057471 3.684593192497038e-14
0.07112068965517242 3.722191082216396e-14
0.07183908045977011 3.759788971935753e-14
0.07255747126436782 3.797386861655111e-14
0.07327586206896551 3.8349847513744684e-14
0.07399425287356322 3.872582641093826e-14
0.07471264367816091 3.9101805308131836e-14
0.07543103448275862 3.9477784205325405e-14
0.07614942528735633 3.985376310251898e-14
0.07686781609195402 4.0229741999712556e-14
0.07758620689655173 4.060572089690613e-14
0.07830459770114942 4.098169979409971e-14
0.07902298850574713 4.1357678691293284e-14
0.07974137931034482 4.173365758848686e-14
0.08045977011494253 4.2109636485680435e-14
0.08117816091954023 4.248561538287401e-14
0.08189655172413793 4.2861594280067586e-14
0.08261494252873564 4.323757317726116e-14
0.08333333333333333 4.361355207445474e-14
0.08405172413793104 4.3989530971648314e-14
0.08477011494252873 4.436550986884189e-14
0.08548850574712644 4.4741488766035465e-14
0.08620689655172414 4.511746766322904e-14
0.08692528735632184 4.556221292563077e-14
0.08764367816091954 4.600695818803251e-14
0.08836206896551724 4.645170345043424e-14
0.08908045977011494 4.689644871283598e-14
0.08979885057471264 4.7387124533840856e-14
0.09051724137931035 4.787780035484573e-14
0.09123563218390804 4.836847617585061e-14
0.09195402298850575 4.885915199685548e-14
0.09267241379310345 4.936455221894604e-14
0.09339080459770115 4.986995244103659e-14
0.09410919540229885 5.037535266312715e-14
0.09482758620689655 5.08807528852177e-14
0.09554597701149425 5.156452635622037e-14
0.09626436781609195 5.224829982722303e-14
0.09698275862068965 5.29320732982257e-14
0.09770114942528735 5.388244952472266e-14
0.09841954022988506 5.483282575121962e-14
0.09913793103448276 5.5783201977716586e-14
0.09985632183908046 5.720484558298747e-14
0.10057471264367816 5.862648918825837e-14
0.10129310344827586 6.004813279352925e-14
0.10201149425287356 6.146977639880014e-14
0.10272988505747126 6.317336751828564e-14
0.10344827586206896 6.487695863777116e-14
0.10416666666666667 6.658054975725666e-14
0.10488505747126436 6.828414087674218e-14
0.10560344827586207 6.99877319962277e-14
0.10632183908045977 7.170413691276524e-14
0.10704022988505747 7.342054182930279e-14
0.10775862068965517 7.513694674584033e-14
0.10847701149425287 7.742495764185549e-14
0.10919540229885058 7.971296853787064e-14
0.10991379310344827 8.200097943388578e-14
0.11063218390804598 8.428899032990093e-14
0.11135057471264367 8.722906897973974e-14
0.11206896551724138 9.016914762957855e-14
0.11278735632183907 9.310922627941737e-14
0.11350574712643678 9.741956709305343e-14
0.11422413793103448 1.017299079066895e-13
0.11494252873563218 1.0604024872032557e-13
0.11566091954022989 1.1035058953396164e-13
0.11637931034482758 1.151816112437187e-13
0.11709770114942529 1.2001263295347577e-13
0.11781609195402298 1.248436546632328e-13
0.11853448275862069 1.2967467637298988e-13
0.11925287356321838 1.3450569808274694e-13
0.11997126436781609 1.39336719792504e-13
0.12068965517241378 1.4379065158813347e-13
0.12140804597701149 1.4824458338376293e-13
0.1221264367816092 1.526985151793924e-13
0.12284482758620689 1.5894693808088892e-13
0.1235632183908046 1.6519536098238544e-13
0.12428160919540229 1.7144378388388195e-13
0.125 1.7769220678537847e-13
0.1257183908045977 1.8422727953465918e-13
0.12643678160919541 1.9076235228393986e-13
0.1271551724137931 1.9729742503322057e-13
0.1278735632183908 2.0383249778250127e-13
0.1285919540229885 2.1112829170631235e-13
0.12931034482758622 2.1842408563012342e-13
0.1300287356321839 2.257198795539345e-13
0.1307471264367816 2.3301567347774557e-13
0.1314655172413793 2.4185165025107523e-13
0.13218390804597702 2.5068762702440495e-13
0.13290229885057472 2.595236037977346e-13
0.1336206896551724 2.765877152297321e-13
0.1343390804597701 3.448441609577221e-13
0.13505747126436782 4.131006066857121e-13
0.13577586206896552 4.813570524137021e-13
0.1364942528735632 5.731760707120619e-13
0.1372126436781609 6.649950890104216e-13
0.13793103448275862 7.568141073087814e-13
0.13864942528735633 8.486331256071412e-13
0.13936781609195403 9.810383086268876e-13
0.1400862068965517 1.1134434916466341e-12
0.14080459770114942 1.2458486746663807e-12
0.14152298850574713 1.4382647236890371e-12
0.14224137931034483 1.6306807727116936e-12
0.1429597701149425 1.82309682173435e-12
0.14367816091954022 2.0155128707570063e-12
0.14439655172413793 2.2498932124533815e-12
0.14511494252873564 2.4842735541497566e-12
0.14583333333333334 2.7186538958461318e-12
0.14655172413793102 2.953034237542507e-12
0.14727011494252873 3.221063902742796e-12
0.14798850574712644 3.4890935679430848e-12
0.14870689655172414 3.757123233143374e-12
0.14942528735632182 4.102208223068278e-12
0.15014367816091953 4.447293212993182e-12
0.15086206896551724 4.792378202918086e-12
0.15158045977011494 5.13746319284299e-12
0.15229885057471265 5.633255304061934e-12
0.15301724137931033 6.1290474152808776e-12
0.15373563218390804 6.6248395264998214e-12
0.15445402298850575 7.1206316377187645e-12
0.15517241379310345 7.638741147511186e-12
0.15589080459770116 8.156850657303606e-12
0.15660919540229884 8.674960167096028e-12
0.15732758620689655 9.482947019124635e-12
0.15804597701149425 1.0290933871153241e-11
0.15876436781609196 1.1098920723181848e-11
0.15948275862068964 1.226134854965157e-11
0.16020114942528735 1.3423776376121292e-11
0.16091954022988506 1.4586204202591015e-11
0.16163793103448276 1.6291777472747932e-11
0.16235632183908047 1.7997350742904852e-11
0.16307471264367815 1.970292401306177e-11
0.16379310344827586 2.140849728321869e-11
0.16451149425287356 2.3990306264399512e-11
0.16522988505747127 2.6572115245580332e-11
0.16594827586206895 2.9153924226761155e-11
0.16666666666666666 3.2191155171150204e-11
0.16738505747126436 3.5228386115539247e-11
0.16810344827586207 3.8265617059928296e-11
0.16882183908045978 4.1302848004317345e-11
0.16954022988505746 4.5909341362638896e-11
0.17025862068965517 5.0515834720960446e-11
0.17097701149425287 5.512232807928201e-11
0.17169540229885058 5.972882143760356e-11
0.1724137931034483 6.517456082894977e-11
0.17313218390804597 7.0620300220296e-11
0.17385057471264367 7.606603961164221e-11
0.17456896551724138 8.151177900298843e-11
0.1752873563218391 8.764302514352611e-11
0.17600574712643677 9.377427128406378e-11
0.17672413793103448 9.990551742460146e-11
0.17744252873563218 1.0603676356513914e-10
0.1781609195402299 1.1296892877055312e-10
0.1788793103448276 1.1990109397596711e-10
0.17959770114942528 1.268332591813811e-10
0.18031609195402298 1.337654243867951e-10
0.1810344827586207 1.4204161524685847e-10
0.1817528735632184 1.5031780610692185e-10
0.18247126436781608 1.5859399696698525e-10
0.18318965517241378 1.6687018782704862e-10
0.1839080459770115 1.7664484205205526e-10
0.1846264367816092 1.8641949627706188e-10
0.1853448275862069 1.9619415050206852e-10
0.18606321839080459 2.0990229857996072e-10
0.1867816091954023 2.2361044665785292e-10
0.1875 2.373185947357451e-10
0.1882183908045977 2.5821908045660747e-10
0.1889367816091954 2.7911956617746983e-10
0.1896551724137931 3.000200518983322e-10
0.1903735632183908 3.286668688949002e-10
0.1910919540229885 3.5731368589146827e-10
0.19181034482758622 3.859605028880363e-10
0.1925287356321839 4.1460731988460436e-10
0.1932471264367816 4.432541368811724e-10
0.1939655172413793 4.719009538777405e-10
0.19468390804597702 4.978351452738626e-10
0.1954022988505747 5.237693366699849e-10
0.1961206896551724 5.49703528066107e-10
0.1968390804597701 5.756377194622292e-10
0.19755747126436782 6.065979439245169e-10
0.19827586206896552 6.375581683868047e-10
0.1989942528735632 6.685183928490926e-10
0.1997126436781609 6.994786173113803e-10
0.20043103448275862 7.341993627160321e-10
0.20114942528735633 7.689201081206838e-10
0.20186781609195403 8.036408535253356e-10
0.2025862068965517 8.383615989299874e-10
0.20330459770114942 8.795952547003653e-10
0.20402298850574713 9.208289104707432e-10
0.20474137931034483 9.620625662411213e-10
0.2054597701149425 1.021247811406477e-09
0.20617816091954022 1.0804330565718328e-09
0.20689655172413793 1.1396183017371886e-09
0.20761494252873564 1.2313994456817635e-09
0.20833333333333334 1.3231805896263384e-09
0.20905172413793102 1.4149617335709134e-09
0.20977011494252873 1.578466325563191e-09
0.21048850574712644 1.7419709175554686e-09
0.21120689655172414 1.9054755095477464e-09
0.21192528735632182 2.1187568819097313e-09
0.21264367816091953 2.3320382542717166e-09
0.21336206896551724 2.5453196266337015e-09
0.21408045977011494 2.8750360099938713e-09
0.21479885057471265 3.204752393354042e-09
0.21551724137931033 3.534468776714212e-09
0.21623563218390804 4.053015972260089e-09
0.21695402298850575 4.571563167805966e-09
0.21767241379310345 5.090110363351843e-09
0.21839080459770116 5.6086575588977205e-09
0.21910919540229884 6.1963231011601805e-09
0.21982758620689655 6.783988643422641e-09
0.22054597701149425 7.371654185685102e-09
0.22126436781609196 7.959319727947562e-09
0.22198275862068964 8.546985270210024e-09
0.22270114942528735 9.182726409510905e-09
0.22341954022988506 9.818467548811786e-09
0.22413793103448276 1.045420868811267e-08
0.22485632183908047 1.108994982741355e-08
0.22557471264367815 1.1800093769926077e-08
0.22629310344827586 1.2510237712438605e-08
0.22701149425287356 1.3220381654951131e-08
0.22772988505747127 1.3930525597463658e-08
0.22844827586206895 1.4640669539976184e-08
0.22916666666666666 1.53195749490298e-08
0.22988505747126436 1.5998480358083413e-08
0.23060344827586207 1.6677385767137026e-08
0.23132183908045978 1.7356291176190642e-08
0.23204022988505746 1.8035196585244255e-08
0.23275862068965517 1.8703602274446042e-08
0.23347701149425287 1.9372007963647833e-08
0.23419540229885058 2.004041365284962e-08
0.23491379310344826 2.070881934205141e-08
0.23563218390804597 2.1368822218094272e-08
0.23635057471264367 2.2028825094137136e-08
0.23706896551724138 2.2688827970179997e-08
0.2377873563218391 2.334883084622286e-08
0.23850574712643677 2.4008833722265722e-08
0.23922413793103448 2.4643987808697306e-08
0.23994252873563218 2.5279141895128887e-08
0.2406609195402299 2.591429598156047e-08
0.24137931034482757 2.6549450067992056e-08
0.24209770114942528 2.718460415442364e-08
0.24281609195402298 2.7819758240855224e-08
0.2435344827586207 2.8371768738446364e-08
0.2442528735632184 2.8923779236037504e-08
0.24497126436781608 2.9475789733628647e-08
0.24568965517241378 3.0027800231219783e-08
0.2464080459770115 3.057981072881092e-08
0.2471264367816092 3.103228701670572e-08
0.2478448275862069 3.148476330460051e-08
0.24856321839080459 3.193723959249531e-08
0.2492816091954023 3.23897158803901e-08
0.25 3.28421921682849e-08
0.2507183908045977 3.329054615726936e-08
0.2514367816091954 3.373890014625383e-08
0.2521551724137931 3.418725413523829e-08
0.25287356321839083 3.463560812422275e-08
0.2535919540229885 3.508396211320721e-08
0.2543103448275862 3.549404819174463e-08
0.2550287356321839 3.5904134270282044e-08
0.2557471264367816 3.6314220348819464e-08
0.2564655172413793 3.672430642735688e-08
0.257183908045977 3.7158576466376836e-08
0.2579022988505747 3.759284650539679e-08
0.25862068965517243 3.802711654441674e-08
0.2593390804597701 3.8461386583436685e-08
0.2600574712643678 3.8895656622456636e-08
0.2607758620689655 3.933176563564536e-08
0.2614942528735632 3.9767874648834075e-08
0.26221264367816094 4.02039836620228e-08
0.2629310344827586 4.0640092675211515e-08
0.2636494252873563 4.111035119068033e-08
0.26436781609195403 4.158060970614915e-08
0.2650862068965517 4.2050868221617966e-08
0.26580459770114945 4.252112673708679e-08
0.2665229885057471 4.29913852525556e-08
0.2672413793103448 4.3483063519404286e-08
0.26795977011494254 4.397474178625296e-08
0.2686781609195402 4.446642005310164e-08
0.2693965517241379 4.4958098319950314e-08
0.27011494252873564 4.547681664266205e-08
0.2708333333333333 4.5995534965373774e-08
0.27155172413793105 4.65142532880855e-08
0.27227011494252873 4.7032971610797234e-08
0.2729885057471264 4.755168993350896e-08
0.27370689655172414 4.80691505423939e-08
0.2744252873563218 4.858661115127884e-08
0.27514367816091956 4.9104071760163776e-08
0.27586206896551724 4.962153236904872e-08
0.2765804597701149 5.018436473032882e-08
0.27729885057471265 5.074719709160893e-08
0.27801724137931033 5.131002945288903e-08
0.27873563218390807 5.187286181416913e-08
0.27945402298850575 5.243569417544923e-08
0.2801724137931034 5.299902123765233e-08
0.28089080459770116 5.356234829985544e-08
0.28160919540229884 5.412567536205854e-08
0.2823275862068966 5.4689002424261646e-08
0.28304597701149425 5.5300552208398067e-08
0.28376436781609193 5.591210199253449e-08
0.28448275862068967 5.6523651776670915e-08
0.28520114942528735 5.7135201560807335e-08
0.285919540229885 5.774675134494376e-08
0.28663793103448276 5.834001351715537e-08
0.28735632183908044 5.8933275689366976e-08
0.2880747126436782 5.952653786157859e-08
0.28879310344827586 6.01198000337902e-08
0.28951149425287354 6.071306220600181e-08
0.29022988505747127 6.128026008722064e-08
0.29094827586206895 6.184745796843949e-08
0.2916666666666667 6.241465584965834e-08
0.29238505747126436 6.298185373087717e-08
0.29310344827586204 6.363350318054151e-08
0.2938218390804598 6.428515263020585e-08
0.29454022988505746 6.493680207987018e-08
0.2952586206896552 6.558845152953453e-08
0.2959770114942529 6.624010097919887e-08
0.29669540229885055 6.683831158870653e-08
0.2974137931034483 6.743652219821418e-08
0.29813218390804597 6.803473280772184e-08
0.29885057471264365 6.86329434172295e-08
0.2995689655172414 6.923115402673716e-08
0.30028735632183906 6.982639548788045e-08
0.3010057471264368 7.042163694902374e-08
0.3017241379310345 7.101687841016704e-08
0.30244252873563215 7.161211987131033e-08
0.3031609195402299 7.22612724621672e-08
0.30387931034482757 7.291042505302408e-08
0.3045977011494253 7.355957764388095e-08
0.305316091954023 7.420873023473783e-08
0.30603448275862066 7.48672401794199e-08
0.3067528735632184 7.552575012410198e-08
0.3074712643678161 7.618426006878404e-08
0.3081896551724138 7.684277001346611e-08
0.3089080459770115 7.750127995814818e-08
0.30962643678160917 7.820300370273496e-08
0.3103448275862069 7.890472744732175e-08
0.3110632183908046 7.960645119190852e-08
0.3117816091954023 8.03081749364953e-08
0.3125 8.107392028636825e-08
0.3132183908045977 8.18396656362412e-08
0.3139367816091954 8.260541098611416e-08
0.3146551724137931 8.337115633598712e-08
0.3153735632183908 8.419487570732531e-08
0.3160919540229885 8.501859507866351e-08
0.3168103448275862 8.584231445000172e-08
0.3175287356321839 8.666603382133991e-08
0.3182471264367816 8.748975319267812e-08
0.3189655172413793 8.840738330847003e-08
0.319683908045977 8.932501342426194e-08
0.3204022988505747 9.024264354005386e-08
0.32112068965517243 9.116027365584577e-08
0.3218390804597701 9.21731788341844e-08
0.3225574712643678 9.318608401252304e-08
0.3232758620689655 9.419898919086166e-08
0.3239942528735632 9.521189436920029e-08
0.32471264367816094 9.628875075873452e-08
0.3254310344827586 9.736560714826874e-08
0.3261494252873563 9.844246353780295e-08
0.32686781609195403 9.951931992733717e-08
0.3275862068965517 1.0059617631687139e-07
0.32830459770114945 1.0174465180579068e-07
0.3290229885057471 1.0289312729470998e-07
0.3297413793103448 1.0404160278362926e-07
0.33045977011494254 1.0519007827254854e-07
0.3311781609195402 1.0634520640917755e-07
0.3318965517241379 1.0750033454580656e-07
0.33261494252873564 1.0865546268243557e-07
0.3333333333333333 1.0981059081906459e-07
0.33405172413793105 1.109657189556936e-07
0.33477011494252873 1.1220808722826465e-07
0.3354885057471264 1.134504555008357e-07
0.33620689655172414 1.1469282377340675e-07
0.3369252873563218 1.159351920459778e-07
0.33764367816091956 1.1720177740037732e-07
0.33836206896551724 1.1846836275477685e-07
0.3390804597701149 1.1973494810917636e-07
0.33979885057471265 1.2100153346357588e-07
0.34051724137931033 1.222681188179754e-07
0.34123563218390807 1.2356107601636514e-07
0.34195402298850575 1.2485403321475486e-07
0.3426724137931034 1.261469904131446e-07
0.34339080459770116 1.2743994761153434e-07
0.34410919540229884 1.2873290480992405e-07
0.3448275862068966 1.300000220461584e-07
0.34554597701149425 1.3126713928239275e-07
0.34626436781609193 1.325342565186271e-07
0.34698275862068967 1.3380137375486141e-07
0.34770114942528735 1.3506849099109576e-07
0.348419540229885 1.3618877148036974e-07
0.34913793103448276 1.373090519696437e-07
0.34985632183908044 1.3842933245891767e-07
0.3505747126436782 1.3954961294819163e-07
0.35129310344827586 1.4077137501734297e-07
0.35201149425287354 1.419931370864943e-07
0.35272988505747127 1.4321489915564565e-07
0.35344827586206895 1.4443666122479698e-07
0.3541666666666667 1.4565842329394832e-07
0.35488505747126436 1.4688018536309966e-07
0.35560344827586204 1.4799638223846874e-07
0.3563218390804598 1.4911257911383781e-07
0.35704022988505746 1.5022877598920686e-07
0.3577586206896552 1.5146028155226042e-07
0.3584770114942529 1.5269178711531398e-07
0.35919540229885055 1.5392329267836753e-07
0.3599137931034483 1.5515479824142106e-07
0.36063218390804597 1.5638630380447462e-07
0.36135057471264365 1.5775900713102356e-07
0.3620689655172414 1.5913171045757252e-07
0.36278735632183906 1.6050441378412146e-07
0.3635057471264368 1.621466429859964e-07
0.3642241379310345 1.6378887218787135e-07
0.36494252873563215 1.6543110138974627e-07
0.3656609195402299 1.670733305916212e-07
0.36637931034482757 1.6871555979349615e-07
0.3670977011494253 1.7053817282371337e-07
0.367816091954023 1.7236078585393058e-07
0.36853448275862066 1.741833988841478e-07
0.3692528735632184 1.7670088826567808e-07
0.3699712643678161 1.7921837764720837e-07
0.3706896551724138 1.8173586702873866e-07
0.3714080459770115 1.8425335641026895e-07
0.37212643678160917 1.8713824245841867e-07
0.3728448275862069 1.9002312850656837e-07
0.3735632183908046 1.9290801455471809e-07
0.3742816091954023 1.957929006028678e-07
0.375 1.9916704652163405e-07
0.3757183908045977 2.025411924404003e-07
0.3764367816091954 2.059153383591665e-07
0.3771551724137931 2.092894842779327e-07
0.3778735632183908 2.1307795776403994e-07
0.3785919540229885 2.1686643125014718e-07
0.3793103448275862 2.206549047362544e-07
0.3800287356321839 2.2444337822236162e-07
0.3807471264367816 2.2823185170846886e-07
0.3814655172413793 2.324380244314119e-07
0.382183908045977 2.3664419715435493e-07
0.3829022988505747 2.4085036987729797e-07
0.38362068965517243 2.45056542600241e-07
0.3843390804597701 2.49625968932022e-07
0.3850574712643678 2.5419539526380297e-07
0.3857758620689655 2.5876482159558395e-07
0.3864942528735632 2.6463221016110183e-07
0.38721264367816094 2.704995987266197e-07
0.3879310344827586 2.763669872921376e-07
0.3886494252873563 2.822343758576555e-07
0.38936781609195403 2.8950552885544915e-07
0.3900862068965517 2.967766818532428e-07
0.3908045977011494 3.0404783485103645e-07
0.3915229885057471 3.1131898784883013e-07
0.3922413793103448 3.1934062136036744e-07
0.39295977011494254 3.2736225487190476e-07
0.3936781609195402 3.353838883834421e-07
0.3943965517241379 3.4340552189497944e-07
0.39511494252873564 3.5324221104152466e-07
0.3958333333333333 3.630789001880699e-07
0.39655172413793105 3.729155893346151e-07
0.39727011494252873 3.827522784811603e-07
0.3979885057471264 3.9450423610520976e-07
0.39870689655172414 4.062561937292592e-07
0.3994252873563218 4.1800815135330865e-07
0.40014367816091956 4.297601089773581e-07
0.40086206896551724 4.438189999523671e-07
0.4015804597701149 4.578778909273761e-07
0.40229885057471265 4.7193678190238507e-07
0.40301724137931033 4.910403971437877e-07
0.40373563218390807 5.101440123851903e-07
0.40445402298850575 5.29247627626593e-07
0.4051724137931034 5.483512428679956e-07
0.40589080459770116 5.730718779732597e-07
0.40660919540229884 5.977925130785238e-07
0.4073275862068965 6.225131481837881e-07
0.40804597701149425 6.472337832890522e-07
0.40876436781609193 6.799187634403753e-07
0.40948275862068967 7.126037435916986e-07
0.41020114942528735 7.452887237430217e-07
0.410919540229885 7.876346812631078e-07
0.41163793103448276 8.299806387831938e-07
0.41235632183908044 8.7232659630328e-07
0.4130747126436782 9.146725538233661e-07
0.41379310344827586 9.706254324473151e-07
0.41451149425287354 1.0265783110712643e-06
0.41522988505747127 1.0825311896952135e-06
0.41594827586206895 1.1536969450593185e-06
0.4166666666666667 1.2248627004234234e-06
0.41738505747126436 1.2960284557875286e-06
0.41810344827586204 1.3671942111516336e-06
0.4188218390804598 1.467855511076292e-06
0.41954022988505746 1.5685168110009508e-06
0.4202586206896552 1.6691781109256093e-06
0.4209770114942529 1.8161590853829984e-06
0.42169540229885055 1.9631400598403876e-06
0.4224137931034483 2.1101210342977768e-06
0.42313218390804597 2.257102008755166e-06
0.42385057471264365 2.449200808197881e-06
0.4245689655172414 2.641299607640596e-06
0.42528735632183906 2.8333984070833117e-06
0.4260057471264368 3.0625510329263203e-06
0.4267241379310345 3.2917036587693292e-06
0.42744252873563215 3.5208562846123378e-06
0.4281609195402299 3.7500089104553463e-06
0.42887931034482757 4.015979496582649e-06
0.4295977011494253 4.281950082709951e-06
0.430316091954023 4.547920668837253e-06
0.43103448275862066 4.813891254964555e-06
0.4317528735632184 5.155412010488459e-06
0.4324712643678161 5.496932766012364e-06
0.4331896551724138 5.838453521536268e-06
0.4339080459770115 6.179974277060172e-06
0.43462643678160917 6.6239764776836e-06
0.4353448275862069 7.067978678307027e-06
0.4360632183908046 7.511980878930454e-06
0.4367816091954023 7.955983079553881e-06
0.4375 8.489302150234333e-06
0.4382183908045977 9.022621220914786e-06
0.4389367816091954 9.555940291595238e-06
0.4396551724137931 1.0228772180728362e-05
0.4403735632183908 1.0901604069861484e-05
0.4410919540229885 1.1574435958994607e-05
0.4418103448275862 1.2247267848127729e-05
0.4425287356321839 1.307210835096633e-05
0.4432471264367816 1.3896948853804929e-05
0.4439655172413793 1.4721789356643528e-05
0.444683908045977 1.5546629859482126e-05
0.4454022988505747 1.653222261484369e-05
0.44612068965517243 1.7517815370205255e-05
0.4468390804597701 1.850340812556682e-05
0.4475574712643678 1.948900088092838e-05
0.4482758620689655 2.066565435177187e-05
0.4489942528735632 2.1842307822615357e-05
0.44971264367816094 2.3018961293458845e-05
0.4504310344827586 2.4195614764302336e-05
0.4511494252873563 2.563024639017594e-05
0.45186781609195403 2.7064878016049545e-05
0.4525862068965517 2.8499509641923152e-05
0.4533045977011494 2.9934141267796758e-05
0.4540229885057471 3.153213351414168e-05
0.4547413793103448 3.31301257604866e-05
0.45545977011494254 3.472811800683152e-05
0.4561781609195402 3.632611025317644e-05
0.4568965517241379 3.820858417590786e-05
0.45761494252873564 4.009105809863928e-05
0.4583333333333333 4.1973532021370704e-05
0.45905172413793105 4.385600594410212e-05
0.45977011494252873 4.6156893810219275e-05
0.4604885057471264 4.8457781676336425e-05
0.46120689655172414 5.0758669542453575e-05
0.4619252873563218 5.3059557408570725e-05
0.46264367816091956 5.5683454971651955e-05
0.46336206896551724 5.8307352534733186e-05
0.4640804597701149 6.0931250097814417e-05
0.46479885057471265 6.355514766089565e-05
0.46551724137931033 6.656330674316377e-05
0.46623563218390807 6.957146582543189e-05
0.46695402298850575 7.25796249077e-05
0.4676724137931034 7.558778398996813e-05
0.46839080459770116 7.891648169026961e-05
0.46910919540229884 8.224517939057109e-05
0.4698275862068965 8.557387709087258e-05
0.47054597701149425 8.890257479117407e-05
0.47126436781609193 9.283370491820624e-05
0.47198275862068967 9.676483504523841e-05
0.47270114942528735 0.00010069596517227058
0.473419540229885 0.00010462709529930275
0.47413793103448276 0.00010904731072381933
0.47485632183908044 0.0001134675261483359
0.4755747126436782 0.00011788774157285247
0.47629310344827586 0.00012230795699736907
0.47701149425287354 0.00012736960302220843
0.47772988505747127 0.0001324312490470478
0.47844827586206895 0.00013749289507188715
0.4791666666666667 0.0001425545410967265
0.47988505747126436 0.0001488779276555484
0.48060344827586204 0.0001552013142143703
0.4813218390804598 0.00016152470077319218
0.48204022988505746 0.00016784808733201408
0.48275862068965514 0.00017417147389083595
0.4834770114942529 0.00018068956322981358
0.48419540229885055 0.0001872076525687912
0.4849137931034483 0.00019372574190776881
0.48563218390804597 0.00020024383124674644
0.48635057471264365 0.0002072883378811718
0.4870689655172414 0.00021433284451559715
0.48778735632183906 0.00022137735115002248
0.4885057471264368 0.0002284218577844478
0.4892241379310345 0.0002358397883072057
0.48994252873563215 0.0002432577188299636
0.4906609195402299 0.0002506756493527215
0.49137931034482757 0.0002580935798754794
0.4920977011494253 0.00026705867262061337
0.492816091954023 0.0002760237653657473
0.49353448275862066 0.0002849888581108813
0.4942528735632184 0.00029395395085601525
0.4949712643678161 0.0003042665372541758
0.4956896551724138 0.0003145791236523364
0.4964080459770115 0.00032489171005049697
0.49712643678160917 0.00033520429644865753
0.4978448275862069 0.0003455168828468181
0.4985632183908046 0.00035673223301037343
0.49928160919540227 0.00036794758317392883
0.5 0.0003791629333374842
0.5007183908045977 0.0003903782835010396
0.5014367816091954 0.0004034102481950932
0.5021551724137931 0.00041644221288914684
0.5028735632183908 0.0004294741775832005
0.5035919540229885 0.00044250614227725406
0.5043103448275862 0.0004556663368684776
0.5050287356321839 0.00046882653145970116
0.5057471264367817 0.0004819867260509247
0.5064655172413793 0.0004951469206421483
0.507183908045977 0.0005083071152333717
0.5079022988505747 0.0005218369565750398
0.5086206896551724 0.0005353667979167079
0.50933908045977 0.0005488966392583759
0.5100574712643678 0.000562426480600044
0.5107758620689655 0.0005773166233624507
0.5114942528735632 0.0005922067661248574
0.5122126436781609 0.0006070969088872642
0.5129310344827586 0.0006219870516496708
0.5136494252873564 0.0006368771944120776
0.514367816091954 0.0006520291553716258
0.5150862068965517 0.000667181116331174
0.5158045977011494 0.0006823330772907222
0.5165229885057471 0.0006974850382502704
0.5172413793103449 0.0007126369992098187
0.5179597701149425 0.000727678963761916
0.5186781609195402 0.0007427209283140133
0.5193965517241379 0.0007577628928661106
0.5201149425287356 0.0007728048574182079
0.5208333333333334 0.0007876401091620925
0.521551724137931 0.0008024753609059771
0.5222701149425287 0.0008173106126498616
0.5229885057471264 0.0008321458643937462
0.5237068965517241 0.0008469811161376308
0.5244252873563219 0.000862261257585657
0.5251436781609196 0.0008775413990336832
0.5258620689655172 0.0008928215404817094
0.5265804597701149 0.0009081016819297356
0.5272988505747126 0.0009246340989373527
0.5280172413793104 0.0009411665159449699
0.5287356321839081 0.0009576989329525871
0.5294540229885057 0.0009742313499602044
0.5301724137931034 0.0009907637669678217
0.5308908045977011 0.0010062814965787592
0.5316091954022989 0.0010217992261896968
0.5323275862068966 0.0010373169558006343
0.5330459770114943 0.001052834685411572
0.5337643678160919 0.0010695489836793756
0.5344827586206896 0.0010862632819471794
0.5352011494252874 0.001102977580214983
0.5359195402298851 0.0011196918784827866
0.5366379310344828 0.0011364061767505903
0.5373563218390804 0.0011539585170743734
0.5380747126436781 0.0011715108573981563
0.5387931034482758 0.0011890631977219395
0.5395114942528736 0.0012066155380457224
0.5402298850574713 0.001224447297852655
0.540948275862069 0.0012422790576595874
0.5416666666666666 0.0012601108174665199
0.5423850574712643 0.0012779425772734524
0.5431034482758621 0.0012957743370803848
0.5438218390804598 0.0013133391498753877
0.5445402298850575 0.0013309039626703907
0.5452586206896551 0.0013484687754653935
0.5459770114942528 0.0013660335882603963
0.5466954022988506 0.001384624387701564
0.5474137931034483 0.0014032151871427316
0.548132183908046 0.0014218059865838992
0.5488505747126436 0.0014403967860250667
0.5495689655172413 0.0014589875854662344
0.5502873563218391 0.001477578384907402
0.5510057471264368 0.0014954789524479406
0.5517241379310345 0.001513379519988479
0.5524425287356322 0.0015312800875290173
0.5531609195402298 0.001549180655069556
0.5538793103448276 0.001567093567314844
0.5545977011494253 0.0015850064795601324
0.555316091954023 0.0016029193918054205
0.5560344827586207 0.0016208323040507089
0.5567528735632183 0.0016391828892797537
0.5574712643678161 0.0016575334745087987
0.5581896551724138 0.0016758840597378435
0.5589080459770115 0.0016942346449668885
0.5596264367816092 0.0017125852301959333
0.5603448275862069 0.0017309358154249783
0.5610632183908046 0.0017488284974248112
0.5617816091954023 0.0017667211794246444
0.5625 0.0017846138614244773
0.5632183908045977 0.0018025065434243105
0.5639367816091954 0.0018211898320449403
0.5646551724137931 0.0018398731206655703
0.5653735632183908 0.0018585564092862003
0.5660919540229885 0.0018772396979068301
0.5668103448275862 0.0018959229865274602
0.5675287356321839 0.0019144971016204436
0.5682471264367815 0.0019330712167134271
0.5689655172413793 0.0019516453318064106
0.569683908045977 0.001970219446899394
0.5704022988505747 0.0019894230827748323
0.5711206896551724 0.0020086267186502703
0.57183908045977 0.0020278303545257083
0.5725574712643678 0.0020470339904011463
0.5732758620689655 0.0020666895298041416
0.5739942528735632 0.0020863450692071364
0.5747126436781609 0.0021060006086101317
0.5754310344827586 0.002125656148013127
0.5761494252873564 0.002145311687416122
0.576867816091954 0.0021651257160474635
0.5775862068965517 0.0021849397446788046
0.5783045977011494 0.0022047537733101462
0.5790229885057471 0.0022245678019414874
0.5797413793103449 0.002244381830572829
0.5804597701149425 0.0022647811786089484
0.5811781609195402 0.0022851805266450678
0.5818965517241379 0.002305579874681187
0.5826149425287356 0.0023259792227173066
0.5833333333333334 0.0023473940965701603
0.584051724137931 0.0023688089704230145
0.5847701149425287 0.0023902238442758683
0.5854885057471264 0.002411638718128722
0.5862068965517241 0.0024330535919815763
0.5869252873563219 0.002455362431903079
0.5876436781609196 0.002477671271824581
0.5883620689655172 0.0024999801117460835
0.5890804597701149 0.002522288951667586
0.5897988505747126 0.0025451534405767206
0.5905172413793104 0.002568017929485855
0.5912356321839081 0.00259088241839499
0.5919540229885057 0.0026137469073041248
0.5926724137931034 0.0026366113962132593
0.5933908045977011 0.002659502429774193
0.5941091954022989 0.0026823934633351263
0.5948275862068966 0.00270528449689606
0.5955459770114943 0.0027281755304569937
0.5962643678160919 0.002751581714124363
0.5969827586206896 0.002774987897791732
0.5977011494252873 0.0027983940814591012
0.5984195402298851 0.0028218002651264704
0.5991379310344828 0.0028452064487938396
0.5998563218390804 0.0028699640031584254
0.6005747126436781 0.0028947215575230107
0.6012931034482758 0.0029194791118875964
0.6020114942528736 0.002944236666252182
0.6027298850574713 0.002971578897119017
0.603448275862069 0.0029989211279858523
0.6041666666666666 0.003026263358852687
0.6048850574712643 0.0030536055897195224
0.6056034482758621 0.0030833464156557753
0.6063218390804598 0.003113087241592028
0.6070402298850575 0.003142828067528281
0.6077586206896551 0.003172568893464534
0.6084770114942528 0.0032077036216547413
0.6091954022988506 0.003242838349844949
0.6099137931034483 0.0032779730780351565
0.610632183908046 0.0033131078062253634
0.6113505747126436 0.003352164622205251
0.6120689655172413 0.0033912214381851386
0.6127873563218391 0.003430278254165026
0.6135057471264368 0.003469335070144914
0.6142241379310345 0.003508391886124801
0.6149425287356322 0.0035510107107563083
0.6156609195402298 0.003593629535387815
0.6163793103448276 0.0036362483600193216
0.6170977011494253 0.0036788671846508286
0.617816091954023 0.003723997187695341
0.6185344827586207 0.0037691271907398538
0.6192528735632183 0.0038142571937843663
0.6199712643678161 0.003859387196828879
0.6206896551724138 0.003913571939957981
0.6214080459770115 0.003967756683087083
0.6221264367816092 0.004021941426216185
0.6228448275862069 0.004076126169345286
0.6235632183908046 0.0041375955814583094
0.6242816091954023 0.004199064993571333
0.625 0.004260534405684356
0.6257183908045977 0.004322003817797379
0.6264367816091954 0.004383473229910401
0.6271551724137931 0.004443038515268328
0.6278735632183908 0.004502603800626254
0.6285919540229885 0.00456216908598418
0.6293103448275862 0.004621734371342106
0.6300287356321839 0.004683957688898884
0.6307471264367815 0.004746181006455662
0.6314655172413793 0.00480840432401244
0.632183908045977 0.004870627641569217
0.6329022988505747 0.004932850959125995
0.6336206896551724 0.004995583607085133
0.63433908045977 0.005058316255044271
0.6350574712643678 0.005121048903003409
0.6357758620689655 0.005183781550962547
0.6364942528735632 0.005250960824033361
0.6372126436781609 0.005318140097104177
0.6379310344827586 0.005385319370174734
0.6386494252873564 0.00545249864324529
0.639367816091954 0.005519677916315848
0.6400862068965517 0.005586850027026387
0.6408045977011494 0.005654022137736926
0.6415229885057471 0.0057211942484474655
0.6422413793103449 0.005788366359158005
0.6429597701149425 0.0058599912807091
0.6436781609195402 0.005933026993813639
0.6443965517241379 0.006006062706918177
0.6451149425287356 0.006079098420022716
0.6458333333333334 0.006152134133127254
0.646551724137931 0.006227071264474931
0.6472701149425287 0.006302008395822608
0.6479885057471264 0.006376945527170285
0.6487068965517241 0.0064518826585179614
0.6494252873563219 0.006526819789865639
0.6501436781609196 0.006600534747820425
0.6508620689655172 0.006674249705775306
0.6515804597701149 0.006747964663730094
0.6522988505747126 0.006821679621684881
0.6530172413793104 0.006900429589267141
0.6537356321839081 0.006979179556849399
0.6544540229885057 0.007057929524431659
0.6551724137931034 0.007136679492013918
0.6558908045977011 0.007215468758272362
0.6566091954022989 0.007295702250880605
0.6573275862068966 0.007375935743488849
0.6580459770114943 0.007456169236097092
0.6587643678160919 0.007536402728705336
0.6594827586206896 0.007616671403830644
0.6602011494252873 0.007696940078955951
0.6609195402298851 0.00777720875408126
0.6616379310344828 0.007857477429206568
0.6623563218390804 0.007937746104331875
0.6630747126436781 0.008013653691099257
0.6637931034482758 0.008089561277866638
0.6645114942528736 0.00816546886463402
0.6652298850574713 0.008241376451401399
0.665948275862069 0.008317882086886231
0.6666666666666666 0.008399610681170129
0.6673850574712643 0.008481339275454027
0.6681034482758621 0.008563067869737925
0.6688218390804598 0.008644796464021822
0.6695402298850575 0.008727796026984702
0.6702586206896551 0.008810795589947582
0.6709770114942528 0.008893795152910462
0.6716954022988506 0.00897679471587334
0.6724137931034483 0.00905979427883622
0.673132183908046 0.009144702673068137
0.6738505747126436 0.009229611067300055
0.6745689655172413 0.009314519461531974
0.6752873563218391 0.009399427855763892
0.6760057471264368 0.009490124192479086
0.6767241379310345 0.009580820529194279
0.6774425287356322 0.00967151686590947
0.6781609195402298 0.009762213202624664
0.6788793103448276 0.009856411026101733
0.6795977011494253 0.00995361012394612
0.680316091954023 0.010050809221790509
0.6810344827586207 0.010148008319634897
0.6817528735632183 0.010245207417479285
0.6824712643678161 0.010340562526159535
0.6831896551724138 0.010435917634839788
0.6839080459770115 0.010531272743520038
0.6846264367816092 0.01062662785220029
0.6853448275862069 0.010721982960880541
0.6860632183908046 0.010817714778106322
0.6867816091954023 0.0109134465953321
0.6875 0.01100917841255788
0.6882183908045977 0.01110491022978366
0.6889367816091954 0.011210861427858022
0.6896551724137931 0.011316812625932385
0.6903735632183908 0.011422763824006745
0.6910919540229885 0.011528715022081108
0.6918103448275862 0.01163466622015547
0.6925287356321839 0.011742484096917324
0.6932471264367815 0.011850301973679178
0.6939655172413793 0.011958119850441032
0.694683908045977 0.012065937727202885
0.6954022988505747 0.012182549031830433
0.6961206896551724 0.012299160336457983
0.69683908045977 0.012415771641085533
0.6975574712643678 0.012532382945713082
0.6982758620689655 0.012649719731140187
0.6989942528735632 0.012769163865556474
0.6997126436781609 0.012888607999972762
0.7004310344827586 0.01300805213438905
0.7011494252873564 0.013127496268805338
0.701867816091954 0.013254163534002193
0.7025862068965517 0.013380830799199045
0.7033045977011494 0.0135074980643959
0.7040229885057471 0.013634165329592753
0.7047413793103449 0.01378191122360644
0.7054597701149425 0.013929657117620127
0.7061781609195402 0.014077403011633812
0.7068965517241379 0.0142251489056475
0.7076149425287356 0.014383876129811757
0.7083333333333334 0.014542603353976013
0.709051724137931 0.01470133057814027
0.7097701149425287 0.014860057802304528
0.7104885057471264 0.015018785026468784
0.7112068965517241 0.015184508968035366
0.7119252873563219 0.01535023290960195
0.7126436781609196 0.01551595685116853
0.7133620689655172 0.015681680792735114
0.7140804597701149 0.015854920347850382
0.7147988505747126 0.016028159902965654
0.7155172413793104 0.016201399458080922
0.7162356321839081 0.01637463901319619
0.7169540229885057 0.016547878568311462
0.7176724137931034 0.01672673368669954
0.7183908045977011 0.016905588805087617
0.7191091954022989 0.017084443923475696
0.7198275862068966 0.017263299041863776
0.7205459770114943 0.017451151607754282
0.7212643678160919 0.01763900417364479
0.7219827586206896 0.017826856739535293
0.7227011494252873 0.0180147093054258
0.7234195402298851 0.018202561871316306
0.7241379310344828 0.018398374970572756
0.7248563218390804 0.018594188069829203
0.7255747126436781 0.018790001169085652
0.7262931034482758 0.018985814268342102
0.7270114942528736 0.019182014984237127
0.7277298850574713 0.01937826638846181
0.728448275862069 0.019574517792686492
0.7291666666666666 0.019770769196911175
0.7298850574712643 0.01996702060113586
0.7306034482758621 0.020177557839905144
0.7313218390804598 0.020388095078674427
0.7320402298850575 0.020598632317443712
0.7327586206896551 0.020809169556212995
0.7334770114942528 0.021033223621412096
0.7341954022988506 0.021257277686611193
0.7349137931034483 0.021481331751810294
0.735632183908046 0.02170538581700939
0.7363505747126436 0.021960585294657012
0.7370689655172413 0.022215784772304632
0.7377873563218391 0.022470984249952253
0.7385057471264368 0.022726183727599873
0.7392241379310345 0.022981724823180106
0.7399425287356322 0.023249307950884947
0.7406609195402298 0.02351689107858979
0.7413793103448276 0.023784474206294634
0.7420977011494253 0.024052057333999476
0.742816091954023 0.02431851656396713
0.7435344827586207 0.02458495756856607
0.7442528735632183 0.024851398573165016
0.7449712643678161 0.025117839577763958
0.7456896551724138 0.02540424712044259
0.7464080459770115 0.025706731615860713
0.7471264367816092 0.02600921611127884
0.7478448275862069 0.02631170060669696
0.7485632183908046 0.02661418510211508
0.7492816091954023 0.026937610415164997
0.75 0.02726103572821491
0.7507183908045977 0.02758446104126483
0.7514367816091954 0.027907886354314744
0.752155172413793 0.028255002505242464
0.7528735632183908 0.028602118656170183
0.7535919540229885 0.028949234807097903
0.7543103448275862 0.029296350958025623
0.7550287356321839 0.029643467108953343
0.7557471264367815 0.029977400983987223
0.7564655172413793 0.0303113348590211
0.757183908045977 0.030645268734054976
0.7579022988505747 0.030979202609088853
0.7586206896551724 0.03131883013189262
0.75933908045977 0.0316657551469085
0.7600574712643678 0.03201268016192438
0.7607758620689655 0.03235960517694026
0.7614942528735632 0.03275520476702644
0.7622126436781609 0.0331700602329646
0.7629310344827586 0.03358491569890277
0.7636494252873564 0.03399977116484094
0.764367816091954 0.034414626630779106
0.7650862068965517 0.03483717550931938
0.7658045977011494 0.03525972438785966
0.7665229885057471 0.03568227326639994
0.7672413793103449 0.036104822144940214
0.7679597701149425 0.036549588188421266
0.7686781609195402 0.03699955698571756
0.7693965517241379 0.03744952578301385
0.7701149425287356 0.037899494580310146
0.7708333333333334 0.03844573167827204
0.771551724137931 0.03899196877623393
0.7722701149425287 0.03953820587419583
0.7729885057471264 0.04008444297215772
0.7737068965517241 0.04063068007011962
0.7744252873563219 0.04114367397948756
0.7751436781609196 0.0416566678888555
0.7758620689655172 0.042169661798223436
0.7765804597701149 0.04268265570759138
0.7772988505747126 0.04319564961695932
0.7780172413793104 0.043702093729338684
0.7787356321839081 0.04420853784171805
0.7794540229885057 0.04471498195409741
0.7801724137931034 0.04522142606647678
0.7808908045977011 0.04581956973873589
0.7816091954022988 0.046417713410995
0.7823275862068966 0.04701585708325411
0.7830459770114943 0.047614000755513225
0.7837643678160919 0.04831824888641406
0.7844827586206896 0.049022497017314905
0.7852011494252873 0.04972674514821574
0.7859195402298851 0.05043099327911658
0.7866379310344828 0.051153843014742656
0.7873563218390804 0.051879909569230984
0.7880747126436781 0.05260597612371932
0.7887931034482758 0.05333204267820765
0.7895114942528736 0.05413447721029757
0.7902298850574713 0.05497210090853724
0.790948275862069 0.05580972460677691
0.7916666666666666 0.05664734830501658
0.7923850574712643 0.05757247634864727
0.7931034482758621 0.05855117848129286
0.7938218390804598 0.059529880613938456
0.7945402298850575 0.06050858274658405
0.7952586206896551 0.06148908690362612
0.7959770114942528 0.06256990375207226
0.7966954022988506 0.06365072060051839
0.7974137931034483 0.06473153744896452
0.798132183908046 0.06581235429741067
0.7988505747126436 0.0669430671669484
0.7995689655172413 0.06807378003648612
0.8002873563218391 0.06920449290602385
0.8010057471264368 0.07033520577556157
0.8017241379310345 0.0715509641444573
0.8024425287356322 0.07278816255520798
0.8031609195402298 0.07402536096595866
0.8038793103448276 0.07526255937670934
0.8045977011494253 0.07649975778746002
0.805316091954023 0.07780160065718601
0.8060344827586207 0.07910344352691201
0.8067528735632183 0.080405286396638
0.8074712643678161 0.081707129266364
0.8081896551724138 0.08302090813191025
0.8089080459770115 0.08434099280656908
0.8096264367816092 0.0856610774812279
0.8103448275862069 0.08698116215588673
0.8110632183908046 0.08830124683054556
0.8117816091954023 0.08974474896421915
0.8125 0.09118825109789273
0.8132183908045977 0.0926317532315663
0.8139367816091954 0.09407525536523989
0.814655172413793 0.09558746474626091
0.8153735632183908 0.09709967412728193
0.8160919540229885 0.09861188350830295
0.8168103448275862 0.10012409288932396
0.8175287356321839 0.10163630227034498
0.8182471264367815 0.10319431312938719
0.8189655172413793 0.10475232398842939
0.819683908045977 0.10631033484747161
0.8204022988505747 0.10786834570651381
0.8211206896551724 0.10948766785760752
0.82183908045977 0.11110699000870124
0.8225574712643678 0.11272631215979496
0.8232758620689655 0.11434563431088868
0.8239942528735632 0.11620323508510577
0.8247126436781609 0.11806083585932287
0.8254310344827586 0.11991843663353996
0.8261494252873564 0.12177603740775705
0.826867816091954 0.12363363818197415
0.8275862068965517 0.1255426706696094
0.8283045977011494 0.12745170315724466
0.8290229885057471 0.1293607356448799
0.8297413793103449 0.13126976813251515
0.8304597701149425 0.1332863980453637
0.8311781609195402 0.13530302795821228
0.8318965517241379 0.13731965787106082
0.8326149425287356 0.13933628778390938
0.8333333333333334 0.14135291769675795
0.834051724137931 0.1432999887342359
0.8347701149425287 0.14524705977171387
0.8354885057471264 0.14719413080919183
0.8362068965517241 0.1491412018466698
0.8369252873563219 0.1513780647485696
0.8376436781609196 0.15361492765046939
0.8383620689655172 0.15585179055236956
0.8390804597701149 0.15808865345426973
0.8397988505747126 0.16041891047218854
0.8405172413793104 0.16282115878787165
0.8412356321839081 0.1652234071035548
0.8419540229885057 0.16762565541923793
0.8426724137931034 0.17002790373492105
0.8433908045977011 0.17255719854820004
0.8441091954022988 0.17508649336147902
0.8448275862068966 0.177615788174758
0.8455459770114943 0.180145082988037
0.8462643678160919 0.182766098515466
0.8469827586206896 0.1854051693015859
0.8477011494252873 0.18804424008770582
0.8484195402298851 0.19068331087382576
0.8491379310344828 0.19332238165994567
0.8498563218390804 0.19601162085962526
0.8505747126436781 0.19870086005930487
0.8512931034482758 0.2013900992589845
0.8520114942528736 0.20407933845866408
0.8527298850574713 0.20684814784225858
0.853448275862069 0.2096510587332452
0.8541666666666666 0.21245396962423177
0.8548850574712643 0.21525688051521838
0.8556034482758621 0.218059791406205
0.8563218390804598 0.2207603922979037
0.8570402298850575 0.22346099318960244
0.8577586206896551 0.22616159408130118
0.8584770114942528 0.2288621949729999
0.8591954022988506 0.23156279586469863
0.8599137931034483 0.2342639805120478
0.860632183908046 0.23696516515939697
0.8613505747126436 0.23966634980674614
0.8620689655172413 0.2423675344540953
0.8627873563218391 0.24506871910144448
0.8635057471264368 0.24757022067924486
0.8642241379310345 0.2500717222570452
0.8649425287356322 0.2525732238348456
0.8656609195402298 0.255074725412646
0.8663793103448276 0.25757622699044636
0.8670977011494253 0.25990504619983695
0.867816091954023 0.26202797489304663
0.8685344827586207 0.2641509035862563
0.8692528735632183 0.266273832279466
0.8699712643678161 0.2683967609726757
0.8706896551724138 0.2705101730361951
0.8714080459770115 0.2724300802960128
0.8721264367816092 0.27434998755583045
0.8728448275862069 0.2762698948156481
0.8735632183908046 0.2781898020754658
0.8742816091954023 0.28030227554649395
0.875 0.28241474901752206
0.8757183908045977 0.2845272224885502
0.8764367816091954 0.2866396959595784
0.877155172413793 0.2888439153058875
0.8778735632183908 0.2910561707872577
0.8785919540229885 0.2932684262686279
0.8793103448275862 0.29548068174999814
0.8800287356321839 0.29769293723136836
0.8807471264367815 0.2998791274135785
0.8814655172413793 0.3020653175957886
0.882183908045977 0.30425150777799875
0.8829022988505747 0.30643769796020887
0.8836206896551724 0.3086537208870182
0.88433908045977 0.3109327240524258
0.8850574712643678 0.3132117272178334
0.8857758620689655 0.31549073038324105
0.8864942528735632 0.3177697335486487
0.8872126436781609 0.32005261953042713
0.8879310344827586 0.3223355055122056
0.8886494252873564 0.3246183914939841
0.889367816091954 0.32690127747576253
0.8900862068965517 0.329184163457541
0.8908045977011494 0.33146593860656814
0.8915229885057471 0.33374771375559525
0.8922413793103449 0.3360294889046224
0.8929597701149425 0.33831126405364953
0.8936781609195402 0.3407058434416328
0.8943965517241379 0.34310431263095936
0.8951149425287356 0.345502781820286
0.8958333333333334 0.34790125100961256
0.896551724137931 0.3502997201989391
0.8972701149425287 0.3527033622058651
0.8979885057471264 0.35510700421279107
0.8987068965517241 0.35751064621971707
0.8994252873563219 0.35991428822664306
0.9001436781609196 0.362317930233569
0.9008620689655172 0.3647065356584768
0.9015804597701149 0.36709514108338465
0.9022988505747126 0.36948374650829247
0.9030172413793104 0.37187235193320023
0.9037356321839081 0.37439222637512176
0.9044540229885057 0.3769121008170433
0.9051724137931034 0.3794319752589648
0.9058908045977011 0.38195184970088636
0.9066091954022988 0.3844717241428079
0.9073275862068966 0.386992524544143
0.9080459770114943 0.3895133249454781
0.9087643678160919 0.3920341253468132
0.9094827586206896 0.3945549257481483
0.9102011494252873 0.39735960827887384
0.9109195402298851 0.4001642908095994
0.9116379310344828 0.402968973340325
0.9123563218390804 0.4057736558710505
0.9130747126436781 0.4085783384017761
0.9137931034482758 0.4113641161603159
0.9145114942528736 0.4141498939188556
0.9152298850574713 0.41693567167739537
0.915948275862069 0.41972144943593515
0.9166666666666666 0.42270473416179927
0.9173850574712643 0.4256880188876635
0.9181034482758621 0.4286713036135276
0.9188218390804598 0.4316545883393918
0.9195402298850575 0.43506252115494215
0.9202586206896551 0.43847045397049256
0.9209770114942528 0.44187838678604296
0.9216954022988506 0.44528631960159337
0.9224137931034483 0.4486942524171438
0.923132183908046 0.4520832460925981
0.9238505747126436 0.4554722397680524
0.9245689655172413 0.4588612334435067
0.9252873563218391 0.462250227118961
0.9260057471264368 0.4660045072511255
0.9267241379310345 0.46975878738328997
0.9274425287356322 0.4735130675154544
0.9281609195402298 0.4772673476476189
0.9288793103448276 0.4810334526398495
0.9295977011494253 0.484862229390431
0.930316091954023 0.4886910061410125
0.9310344827586207 0.49251978289159404
0.9317528735632183 0.49634855964217556
0.9324712643678161 0.5003986030683588
0.9331896551724138 0.5044486464945421
0.9339080459770115 0.5084986899207253
0.9346264367816092 0.5125487333469086
0.9353448275862069 0.5170193461264923
0.9360632183908045 0.5214899589060759
0.9367816091954023 0.5259605716856595
0.9375 0.5304311844652431
0.9382183908045977 0.5349495764916797
0.9389367816091954 0.5397469993197387
0.939655172413793 0.5445444221477975
0.9403735632183908 0.5493418449758564
0.9410919540229885 0.5541392678039153
0.9418103448275862 0.5590300357634563
0.9425287356321839 0.5639208037229975
0.9432471264367815 0.5688115716825385
0.9439655172413793 0.5737023396420796
0.944683908045977 0.5786160486379023
0.9454022988505747 0.5837637562037984
0.9461206896551724 0.5889114637696944
0.94683908045977 0.5940591713355904
0.9475574712643678 0.5992068789014864
0.9482758620689655 0.6043464697115343
0.9489942528735632 0.6091289232642644
0.9497126436781609 0.6139113768169946
0.9504310344827586 0.6186938303697247
0.9511494252873564 0.6234762839224548
0.951867816091954 0.6283539468750363
0.9525862068965517 0.6332316098276177
0.9533045977011494 0.6381092727801991
0.9540229885057471 0.6429869357327807
0.9547413793103449 0.6478645986853621
0.9554597701149425 0.6527060195735765
0.9561781609195402 0.6575474404617909
0.9568965517241379 0.6623888613500054
0.9576149425287356 0.6672302822382199
0.9583333333333334 0.6720777171042943
0.959051724137931 0.6769461149789097
0.9597701149425287 0.6818145128535249
0.9604885057471264 0.6866829107281401
0.9612068965517241 0.6915513086027554
0.9619252873563219 0.6967393601288374
0.9626436781609196 0.7019274116549195
0.9633620689655172 0.7071154631810014
0.9640804597701149 0.7123035147070834
0.9647988505747126 0.7178591170776787
0.9655172413793103 0.7234147194482741
0.9662356321839081 0.7289703218188693
0.9669540229885057 0.7345259241894646
0.9676724137931034 0.7400815265600599
0.9683908045977011 0.7458964533817366
0.9691091954022988 0.7517113802034133
0.9698275862068966 0.75752630702509
0.9705459770114943 0.7633412338467668
0.9712643678160919 0.7691768530476716
0.9719827586206896 0.7750221013755441
0.9727011494252873 0.7808673497034165
0.9734195402298851 0.786712598031289
0.9741379310344828 0.7925578463591615
0.9748563218390804 0.7983805989953752
0.9755747126436781 0.804203351631589
0.9762931034482758 0.8100261042678026
0.9770114942528736 0.8158488569040164
0.9777298850574713 0.8218933841360664
0.978448275862069 0.8281169342346348
0.9791666666666666 0.8343404843332034
0.9798850574712643 0.8405640344317719
0.9806034482758621 0.8467875845303403
0.9813218390804598 0.8530111346289088
0.9820402298850575 0.8582419500780105
0.9827586206896551 0.8634727655271124
0.9834770114942528 0.8687035809762141
0.9841954022988506 0.873934396425316
0.9849137931034483 0.8793475460547584
0.985632183908046 0.8848801560092516
0.9863505747126436 0.8904127659637449
0.9870689655172413 0.8959453759182381
0.9877873563218391 0.9014779858727313
0.9885057471264368 0.9074781023759257
0.9892241379310345 0.9134782188791202
0.9899425287356322 0.9194783353823146
0.9906609195402298 0.925478451885509
0.9913793103448276 0.9315241292391438
0.9920977011494253 0.9375791969970679
0.992816091954023 0.9436342647549919
0.9935344827586207 0.949689332512916
0.9942528735632183 0.95574440027084
0.9949712643678161 0.9614644315684596
0.9956896551724138 0.9671560163741665
0.9964080459770115 0.9728476011798735
0.9971264367816092 0.9785391859855803
0.9978448275862069 0.9842307707912873
0.9985632183908045 0.9896738507986109
0.9992816091954023 0.9948369253993055
1.0 1.0
