0.0 1
0.0007183908045977011 0
0.0014367816091954023 1
0.0021551724137931034 1
0.0028735632183908046 1
0.0035919540229885057 1
0.004310344827586207 1
0.005028735632183908 1
0.005747126436781609 1
0.00646551724137931 1
0.007183908045977011 1
0.007902298850574713 1
0.008620689655172414 1
0.009339080459770114 1
0.010057471264367816 1
0.010775862068965518 1
0.011494252873563218 1
0.012212643678160919 1
0.01293103448275862 1
0.013649425287356323 1
0.014367816091954023 1
0.015086206896551723 1
0.015804597701149427 1
0.016522988505747127 1
0.017241379310344827 1
0.017959770114942528 1
0.018678160919540228 1
0.01939655172413793 1
0.020114942528735632 1
0.020833333333333332 1
0.021551724137931036 1
0.022270114942528736 1
0.022988505747126436 1
0.023706896551724137 1
0.024425287356321837 1
0.02514367816091954 1
0.02586206896551724 1
0.02658045977011494 1
0.027298850574712645 1
0.028017241379310345 1
0.028735632183908046 1
0.029454022988505746 1
0.030172413793103446 1
0.03089080459770115 1
0.031609195402298854 1
0.032327586206896554 1
0.033045977011494254 1
0.033764367816091954 1
0.034482758620689655 1
0.035201149425287355 1
0.035919540229885055 1
0.036637931034482756 1
0.037356321839080456 1
0.03807471264367816 1
0.03879310344827586 1
0.039511494252873564 1
0.040229885057471264 1
0.040948275862068964 1
0.041666666666666664 1
0.042385057471264365 1
0.04310344827586207 1
0.04382183908045977 1
0.04454022988505747 1
0.04525862068965517 1
0.04597701149425287 1
0.04669540229885057 1
0.04741379310344827 1
0.048132183908045974 1
0.048850574712643674 1
0.04956896551724138 1
0.05028735632183908 1
0.05100574712643678 1
0.05172413793103448 1
0.05244252873563218 1
0.05316091954022988 1
0.05387931034482758 1
0.05459770114942529 1
0.05531609195402299 1
0.05603448275862069 1
0.05675287356321839 1
0.05747126436781609 1
0.05818965517241379 1
0.05890804597701149 1
0.05962643678160919 1
0.06034482758620689 1
0.0610632183908046 1
0.0617816091954023 1
0.0625 1
0.06321839080459771 1
0.0639367816091954 1
0.06465517241379311 1
0.0653735632183908 1
0.06609195402298851 1
0.0668103448275862 1
0.06752873563218391 1
0.0682471264367816 1
0.06896551724137931 1
0.06968390804597702 1
0.07040229885057471 1
0.07112068965517242 1
0.07183908045977011 1
0.07255747126436782 1
0.07327586206896551 1
0.07399425287356322 1
0.07471264367816091 1
0.07543103448275862 1
0.07614942528735633 1
0.07686781609195402 1
0.07758620689655173 1
0.07830459770114942 1
0.07902298850574713 1
0.07974137931034482 1
0.08045977011494253 1
0.08117816091954023 1
0.08189655172413793 1
0.08261494252873564 1
0.08333333333333333 1
0.08405172413793104 1
0.08477011494252873 1
0.08548850574712644 1
0.08620689655172414 1
0.08692528735632184 1.18289953431284
0.08764367816091954 1.18289953431284
0.08836206896551724 1.18289953431284
0.08908045977011494 1.18289953431284
0.08979885057471264 1.30506213159152
0.09051724137931035 1.30506213159152
0.09123563218390804 1.30506213159152
0.09195402298850575 1.30506213159152
0.09267241379310345 1.34422497077103
0.09339080459770115 1.34422497077103
0.09410919540229885 1.34422497077103
0.09482758620689655 1.34422497077103
0.09554597701149425 1.81864853614541
0.09626436781609195 1.81864853614541
0.09698275862068965 1.81864853614541
0.09770114942528735 2.52773821507236
0.09841954022988506 2.52773821507236
0.09913793103448276 2.52773821507236
0.09985632183908046 3.78117925203377
0.10057471264367816 3.78117925203377
0.10129310344827586 3.78117925203377
0.10201149425287356 3.78117925203377
0.10272988505747126 4.53108175007069
0.10344827586206896 4.53108175007069
0.10416666666666667 4.53108175007069
0.10488505747126436 4.53108175007069
0.10560344827586207 4.53108175007069
0.10632183908045977 4.56516291033707
0.10704022988505747 4.56516291033707
0.10775862068965517 4.56516291033707
0.10847701149425287 6.08547690600079
0.10919540229885058 6.08547690600079
0.10991379310344827 6.08547690600079
0.11063218390804598 6.08547690600079
0.11135057471264367 7.81979699335383
0.11206896551724138 7.81979699335383
0.11278735632183907 7.81979699335383
0.11350574712643678 11.4643158055141
0.11422413793103448 11.4643158055141
0.11494252873563218 11.4643158055141
0.11566091954022989 11.4643158055141
0.11637931034482758 12.8491831478238
0.11709770114942529 12.8491831478238
0.11781609195402298 12.8491831478238
0.11853448275862069 12.8491831478238
0.11925287356321838 12.8491831478238
0.11997126436781609 12.8491831478238
0.12068965517241378 11.8462281497047
0.12140804597701149 11.8462281497047
0.1221264367816092 11.8462281497047
0.12284482758620689 16.6190787518574
0.1235632183908046 16.6190787518574
0.12428160919540229 16.6190787518574
0.125 16.6190787518574
0.1257183908045977 17.3814881581401
0.12643678160919541 17.3814881581401
0.1271551724137931 17.3814881581401
0.1278735632183908 17.3814881581401
0.1285919540229885 19.4047963283822
0.12931034482758622 19.4047963283822
0.1300287356321839 19.4047963283822
0.1307471264367816 19.4047963283822
0.1314655172413793 23.5012572229032
0.13218390804597702 23.5012572229032
0.13290229885057472 23.5012572229032
0.1336206896551724 45.3858223410126
0.1343390804597701 181.543289364051
0.13505747126436782 181.543289364051
0.13577586206896552 181.543289364051
0.1364942528735632 244.213223092375
0.1372126436781609 244.213223092375
0.13793103448275862 244.213223092375
0.13864942528735633 244.213223092375
0.13936781609195403 352.16120906801
0.1400862068965517 352.16120906801
0.14080459770114942 352.16120906801
0.14152298850574713 511.773534256604
0.14224137931034483 511.773534256604
0.1429597701149425 511.773534256604
0.14367816091954022 511.773534256604
0.14439655172413793 623.386959868928
0.14511494252873564 623.386959868928
0.14583333333333334 623.386959868928
0.14655172413793102 623.386959868928
0.14727011494252873 712.884864552097
0.14798850574712644 712.884864552097
0.14870689655172414 712.884864552097
0.14942528735632182 917.830741301512
0.15014367816091953 917.830741301512
0.15086206896551724 917.830741301512
0.15158045977011494 917.830741301512
0.15229885057471265 1318.67005015359
0.15301724137931033 1318.67005015359
0.15373563218390804 1318.67005015359
0.15445402298850575 1318.67005015359
0.15517241379310345 1378.02816503733
0.15589080459770116 1378.02816503733
0.15660919540229884 1378.02816503733
0.15732758620689655 2149.02181494673
0.15804597701149425 2149.02181494673
0.15876436781609196 2149.02181494673
0.15948275862068964 3091.7368904118
0.16020114942528735 3091.7368904118
0.16091954022988506 3091.7368904118
0.16163793103448276 4536.35372327504
0.16235632183908047 4536.35372327504
0.16307471264367815 4536.35372327504
0.16379310344827586 4536.35372327504
0.16451149425287356 6866.89864897274
0.16522988505747127 6866.89864897274
0.16594827586206895 6866.89864897274
0.16666666666666666 8078.19525792509
0.16738505747126436 8078.19525792509
0.16810344827586207 8078.19525792509
0.16882183908045978 8078.19525792509
0.16954022988505746 12251.9997603745
0.17025862068965517 12251.9997603745
0.17097701149425287 12251.9997603745
0.17169540229885058 12251.9997603745
0.1724137931034483 14484.1623612254
0.17313218390804597 14484.1623612254
0.17385057471264367 14484.1623612254
0.17456896551724138 14484.1623612254
0.1752873563218391 16307.420938524
0.17600574712643677 16307.420938524
0.17672413793103448 16307.420938524
0.17744252873563218 16307.420938524
0.1781609195402299 18437.6443921663
0.1788793103448276 18437.6443921663
0.17959770114942528 18437.6443921663
0.18031609195402298 18437.6443921663
0.1810344827586207 22012.3813379939
0.1817528735632184 22012.3813379939
0.18247126436781608 22012.3813379939
0.18318965517241378 22012.3813379939
0.1839080459770115 25997.8799288144
0.1846264367816092 25997.8799288144
0.1853448275862069 25997.8799288144
0.18606321839080459 36459.8869250751
0.1867816091954023 36459.8869250751
0.1875 36459.8869250751
0.1882183908045977 55589.5181268687
0.1889367816091954 55589.5181268687
0.1896551724137931 55589.5181268687
0.1903735632183908 76192.6193475137
0.1910919540229885 76192.6193475137
0.19181034482758622 76192.6193475137
0.1925287356321839 76192.6193475137
0.1932471264367816 76192.6193475137
0.1939655172413793 76192.6193475137
0.19468390804597702 68977.7846302096
0.1954022988505747 68977.7846302096
0.1961206896551724 68977.7846302096
0.1968390804597701 68977.7846302096
0.19755747126436782 82345.6441129666
0.19827586206896552 82345.6441129666
0.1989942528735632 82345.6441129666
0.1997126436781609 82345.6441129666
0.20043103448275862 92347.5909520943
0.20114942528735633 92347.5909520943
0.20186781609195403 92347.5909520943
0.2025862068965517 92347.5909520943
0.20330459770114942 109670.133292477
0.20402298850574713 109670.133292477
0.20474137931034483 109670.133292477
0.2054597701149425 157416.401843649
0.20617816091954022 157416.401843649
0.20689655172413793 157416.401843649
0.20761494252873564 244112.487774336
0.20833333333333334 244112.487774336
0.20905172413793102 244112.487774336
0.20977011494252873 434877.045527628
0.21048850574712644 434877.045527628
0.21120689655172414 434877.045527628
0.21192528735632182 567269.530162422
0.21264367816091953 567269.530162422
0.21336206896551724 567269.530162422
0.21408045977011494 876954.493513537
0.21479885057471265 876954.493513537
0.21551724137931033 876954.493513537
0.21623563218390804 1379192.28822808
0.21695402298850575 1379192.28822808
0.21767241379310345 1379192.28822808
0.21839080459770116 1379192.28822808
0.21910919540229884 1563027.99611622
0.21982758620689655 1563027.99611622
0.22054597701149425 1563027.99611622
0.22126436781609196 1563027.99611622
0.22198275862068964 1563027.99611622
0.22270114942528735 1690895.80305239
0.22341954022988506 1690895.80305239
0.22413793103448276 1690895.80305239
0.22485632183908047 1690895.80305239
0.22557471264367815 1888786.70535305
0.22629310344827586 1888786.70535305
0.22701149425287356 1888786.70535305
0.22772988505747127 1888786.70535305
0.22844827586206895 1888786.70535305
0.22916666666666666 1805700.83619367
0.22988505747126436 1805700.83619367
0.23060344827586207 1805700.83619367
0.23132183908045978 1805700.83619367
0.23204022988505746 1805700.83619367
0.23275862068965517 1777774.48200146
0.23347701149425287 1777774.48200146
0.23419540229885058 1777774.48200146
0.23491379310344826 1777774.48200146
0.23563218390804597 1755425.3203287
0.23635057471264367 1755425.3203287
0.23706896551724138 1755425.3203287
0.2377873563218391 1755425.3203287
0.23850574712643677 1755425.3203287
0.23922413793103448 1689334.4045971
0.23994252873563218 1689334.4045971
0.2406609195402299 1689334.4045971
0.24137931034482757 1689334.4045971
0.24209770114942528 1689334.4045971
0.24281609195402298 1689334.4045971
0.2435344827586207 1468195.42722083
0.2442528735632184 1468195.42722083
0.24497126436781608 1468195.42722083
0.24568965517241378 1468195.42722083
0.2464080459770115 1468195.42722083
0.2471264367816092 1203461.92637997
0.2478448275862069 1203461.92637997
0.24856321839080459 1203461.92637997
0.2492816091954023 1203461.92637997
0.25 1203461.92637997
0.2507183908045977 1192497.75008948
0.2514367816091954 1192497.75008948
0.2521551724137931 1192497.75008948
0.25287356321839083 1192497.75008948
0.2535919540229885 1192497.75008948
0.2543103448275862 1090715.68005127
0.2550287356321839 1090715.68005127
0.2557471264367816 1090715.68005127
0.2564655172413793 1090715.68005127
0.257183908045977 1155038.33396364
0.2579022988505747 1155038.33396364
0.25862068965517243 1155038.33396364
0.2593390804597701 1155038.33396364
0.2600574712643678 1155038.33396364
0.2607758620689655 1159929.49722438
0.2614942528735632 1159929.49722438
0.26221264367816094 1159929.49722438
0.2629310344827586 1159929.49722438
0.2636494252873563 1250757.73927466
0.26436781609195403 1250757.73927466
0.2650862068965517 1250757.73927466
0.26580459770114945 1250757.73927466
0.2665229885057471 1250757.73927466
0.2672413793103448 1307728.36060407
0.26795977011494254 1307728.36060407
0.2686781609195402 1307728.36060407
0.2693965517241379 1307728.36060407
0.27011494252873564 1379647.43921429
0.2708333333333333 1379647.43921429
0.27155172413793105 1379647.43921429
0.27227011494252873 1379647.43921429
0.2729885057471264 1379647.43921429
0.27370689655172414 1376302.26788638
0.2744252873563218 1376302.26788638
0.27514367816091956 1376302.26788638
0.27586206896551724 1376302.26788638
0.2765804597701149 1496978.59502557
0.27729885057471265 1496978.59502557
0.27801724137931033 1496978.59502557
0.27873563218390807 1496978.59502557
0.27945402298850575 1496978.59502557
0.2801724137931034 1498294.36281651
0.28089080459770116 1498294.36281651
0.28160919540229884 1498294.36281651
0.2823275862068966 1498294.36281651
0.28304597701149425 1626553.48132894
0.28376436781609193 1626553.48132894
0.28448275862068967 1626553.48132894
0.28520114942528735 1626553.48132894
0.285919540229885 1626553.48132894
0.28663793103448276 1577913.48567673
0.28735632183908044 1577913.48567673
0.2880747126436782 1577913.48567673
0.28879310344827586 1577913.48567673
0.28951149425287354 1577913.48567673
0.29022988505747127 1508589.67206029
0.29094827586206895 1508589.67206029
0.2916666666666667 1508589.67206029
0.29238505747126436 1508589.67206029
0.29310344827586204 1733207.51384839
0.2938218390804598 1733207.51384839
0.29454022988505746 1733207.51384839
0.2952586206896552 1733207.51384839
0.2959770114942529 1733207.51384839
0.29669540229885055 1591074.96184731
0.2974137931034483 1591074.96184731
0.29813218390804597 1591074.96184731
0.29885057471264365 1591074.96184731
0.2995689655172414 1591074.96184731
0.30028735632183906 1583177.84744401
0.3010057471264368 1583177.84744401
0.3017241379310345 1583177.84744401
0.30244252873563215 1583177.84744401
0.3031609195402299 1726566.55919348
0.30387931034482757 1726566.55919348
0.3045977011494253 1726566.55919348
0.305316091954023 1726566.55919348
0.30603448275862066 1751454.53534068
0.3067528735632184 1751454.53534068
0.3074712643678161 1751454.53534068
0.3081896551724138 1751454.53534068
0.3089080459770115 1751454.53534068
0.30962643678160917 1866391.30500321
0.3103448275862069 1866391.30500321
0.3110632183908046 1866391.30500321
0.3117816091954023 1866391.30500321
0.3125 2036671.08869332
0.3132183908045977 2036671.08869332
0.3139367816091954 2036671.08869332
0.3146551724137931 2036671.08869332
0.3153735632183908 2190865.97010286
0.3160919540229885 2190865.97010286
0.3168103448275862 2190865.97010286
0.3175287356321839 2190865.97010286
0.3182471264367816 2190865.97010286
0.3189655172413793 2440642.60691596
0.319683908045977 2440642.60691596
0.3204022988505747 2440642.60691596
0.32112068965517243 2440642.60691596
0.3218390804597701 2694047.95295501
0.3225574712643678 2694047.95295501
0.3232758620689655 2694047.95295501
0.3239942528735632 2694047.95295501
0.32471264367816094 2864140.50781097
0.3254310344827586 2864140.50781097
0.3261494252873563 2864140.50781097
0.32686781609195403 2864140.50781097
0.3275862068965517 2864140.50781097
0.32830459770114945 3054627.52694864
0.3290229885057471 3054627.52694864
0.3297413793103448 3054627.52694864
0.33045977011494254 3054627.52694864
0.3311781609195402 3072321.73202076
0.3318965517241379 3072321.73202076
0.33261494252873564 3072321.73202076
0.3333333333333333 3072321.73202076
0.33405172413793105 3072321.73202076
0.33477011494252873 3304356.39299034
0.3354885057471264 3304356.39299034
0.33620689655172414 3304356.39299034
0.3369252873563218 3304356.39299034
0.33764367816091956 3368767.14053294
0.33836206896551724 3368767.14053294
0.3390804597701149 3368767.14053294
0.33979885057471265 3368767.14053294
0.34051724137931033 3368767.14053294
0.34123563218390807 3438908.96015914
0.34195402298850575 3438908.96015914
0.3426724137931034 3438908.96015914
0.34339080459770116 3438908.96015914
0.34410919540229884 3438908.96015914
0.3448275862068966 3370181.79927784
0.34554597701149425 3370181.79927784
0.34626436781609193 3370181.79927784
0.34698275862068967 3370181.79927784
0.34770114942528735 3370181.79927784
0.348419540229885 2979636.61693807
0.34913793103448276 2979636.61693807
0.34985632183908044 2979636.61693807
0.3505747126436782 2979636.61693807
0.35129310344827586 3249549.58448721
0.35201149425287354 3249549.58448721
0.35272988505747127 3249549.58448721
0.35344827586206895 3249549.58448721
0.3541666666666667 3249549.58448721
0.35488505747126436 3249549.58448721
0.35560344827586204 2968775.33207507
0.3563218390804598 2968775.33207507
0.35704022988505746 2968775.33207507
0.3577586206896552 3275464.58656562
0.3584770114942529 3275464.58656562
0.35919540229885055 3275464.58656562
0.3599137931034483 3275464.58656562
0.36063218390804597 3275464.58656562
0.36135057471264365 3651011.63069321
0.3620689655172414 3651011.63069321
0.36278735632183906 3651011.63069321
0.3635057471264368 4367876.0008422
0.3642241379310345 4367876.0008422
0.36494252873563215 4367876.0008422
0.3656609195402299 4367876.0008422
0.36637931034482757 4367876.0008422
0.3670977011494253 4847647.15206561
0.367816091954023 4847647.15206561
0.36853448275862066 4847647.15206561
0.3692528735632184 6695826.28259625
0.3699712643678161 6695826.28259625
0.3706896551724138 6695826.28259625
0.3714080459770115 6695826.28259625
0.37212643678160917 7672999.92016414
0.3728448275862069 7672999.92016414
0.3735632183908046 7672999.92016414
0.3742816091954023 7672999.92016414
0.375 8974296.01488785
0.3757183908045977 8974296.01488785
0.3764367816091954 8974296.01488785
0.3771551724137931 8974296.01488785
0.3778735632183908 10076292.8834187
0.3785919540229885 10076292.8834187
0.3793103448275862 10076292.8834187
0.3800287356321839 10076292.8834187
0.3807471264367816 10076292.8834187
0.3814655172413793 11187257.4613608
0.382183908045977 11187257.4613608
0.3829022988505747 11187257.4613608
0.38362068965517243 11187257.4613608
0.3843390804597701 12153411.7097758
0.3850574712643678 12153411.7097758
0.3857758620689655 12153411.7097758
0.3864942528735632 15605632.6812859
0.38721264367816094 15605632.6812859
0.3879310344827586 15605632.6812859
0.3886494252873563 15605632.6812859
0.38936781609195403 19339258.2723867
0.3900862068965517 19339258.2723867
0.3908045977011494 19339258.2723867
0.3915229885057471 19339258.2723867
0.3922413793103448 21335329.113983
0.39295977011494254 21335329.113983
0.3936781609195402 21335329.113983
0.3943965517241379 21335329.113983
0.39511494252873564 26162875.6825699
0.3958333333333333 26162875.6825699
0.39655172413793105 26162875.6825699
0.39727011494252873 26162875.6825699
0.3979885057471264 31256960.7277689
0.39870689655172414 31256960.7277689
0.3994252873563218 31256960.7277689
0.40014367816091956 31256960.7277689
0.40086206896551724 37392766.1364746
0.4015804597701149 37392766.1364746
0.40229885057471265 37392766.1364746
0.40301724137931033 50810339.0482765
0.40373563218390807 50810339.0482765
0.40445402298850575 50810339.0482765
0.4051724137931034 50810339.0482765
0.40589080459770116 65750060.1490848
0.40660919540229884 65750060.1490848
0.4073275862068965 65750060.1490848
0.40804597701149425 65750060.1490848
0.40876436781609193 86933017.7711944
0.40948275862068967 86933017.7711944
0.41020114942528735 86933017.7711944
0.410919540229885 112628548.666347
0.41163793103448276 112628548.666347
0.41235632183908044 112628548.666347
0.4130747126436782 112628548.666347
0.41379310344827586 148819199.805093
0.41451149425287354 148819199.805093
0.41522988505747127 148819199.805093
0.41594827586206895 189281249.281033
0.4166666666666667 189281249.281033
0.41738505747126436 189281249.281033
0.41810344827586204 189281249.281033
0.4188218390804598 267731249.482421
0.41954022988505746 267731249.482421
0.4202586206896552 267731249.482421
0.4209770114942529 390928787.638086
0.42169540229885055 390928787.638086
0.4224137931034483 390928787.638086
0.42313218390804597 390928787.638086
0.42385057471264365 510929738.016152
0.4245689655172414 510929738.016152
0.42528735632183906 510929738.016152
0.4260057471264368 609482679.888355
0.4267241379310345 609482679.888355
0.42744252873563215 609482679.888355
0.4281609195402299 609482679.888355
0.42887931034482757 707408283.051497
0.4295977011494253 707408283.051497
0.430316091954023 707408283.051497
0.43103448275862066 707408283.051497
0.4317528735632184 908350862.437022
0.4324712643678161 908350862.437022
0.4331896551724138 908350862.437022
0.4339080459770115 908350862.437022
0.43462643678160917 1180923195.25803
0.4353448275862069 1180923195.25803
0.4360632183908046 1180923195.25803
0.4367816091954023 1180923195.25803
0.4375 1418481395.26264
0.4382183908045977 1418481395.26264
0.4389367816091954 1418481395.26264
0.4396551724137931 1789546951.05324
0.4403735632183908 1789546951.05324
0.4410919540229885 1789546951.05324
0.4418103448275862 1789546951.05324
0.4425287356321839 2193847870.17428
0.4432471264367816 2193847870.17428
0.4439655172413793 2193847870.17428
0.444683908045977 2193847870.17428
0.4454022988505747 2621404453.06462
0.44612068965517243 2621404453.06462
0.4468390804597701 2621404453.06462
0.4475574712643678 2621404453.06462
0.4482758620689655 3129573174.52229
0.4489942528735632 3129573174.52229
0.44971264367816094 3129573174.52229
0.4504310344827586 3129573174.52229
0.4511494252873563 3815723798.81463
0.45186781609195403 3815723798.81463
0.4525862068965517 3815723798.81463
0.4533045977011494 3815723798.81463
0.4540229885057471 4250217919.86954
0.4547413793103448 4250217919.86954
0.45545977011494254 4250217919.86954
0.4561781609195402 4250217919.86954
0.4568965517241379 5006860589.2054
0.45761494252873564 5006860589.2054
0.4583333333333333 5006860589.2054
0.45905172413793105 5006860589.2054
0.45977011494252873 6119726089.12815
0.4604885057471264 6119726089.12815
0.46120689655172414 6119726089.12815
0.4619252873563218 6119726089.12815
0.46264367816091956 6978842649.59238
0.46336206896551724 6978842649.59238
0.4640804597701149 6978842649.59238
0.46479885057471265 6978842649.59238
0.46551724137931033 8000872135.96816
0.46623563218390807 8000872135.96816
0.46695402298850575 8000872135.96816
0.4676724137931034 8000872135.96816
0.46839080459770116 8853416309.1278
0.46910919540229884 8853416309.1278
0.4698275862068965 8853416309.1278
0.47054597701149425 8853416309.1278
0.47126436781609193 10455720138.4848
0.47198275862068967 10455720138.4848
0.47270114942528735 10455720138.4848
0.473419540229885 10455720138.4848
0.47413793103448276 11756551916.904
0.47485632183908044 11756551916.904
0.4755747126436782 11756551916.904
0.47629310344827586 11756551916.904
0.47701149425287354 13462580114.5253
0.47772988505747127 13462580114.5253
0.47844827586206895 13462580114.5253
0.4791666666666667 13462580114.5253
0.47988505747126436 16818461371.1611
0.48060344827586204 16818461371.1611
0.4813218390804598 16818461371.1611
0.48204022988505746 16818461371.1611
0.48275862068965514 16818461371.1611
0.4834770114942529 17336316978.5078
0.48419540229885055 17336316978.5078
0.4849137931034483 17336316978.5078
0.48563218390804597 17336316978.5078
0.48635057471264365 18736441558.3102
0.4870689655172414 18736441558.3102
0.48778735632183906 18736441558.3102
0.4885057471264368 18736441558.3102
0.4892241379310345 19729645940.5771
0.48994252873563215 19729645940.5771
0.4906609195402299 19729645940.5771
0.49137931034482757 19729645940.5771
0.4920977011494253 23844670038.8033
0.492816091954023 23844670038.8033
0.49353448275862066 23844670038.8033
0.4942528735632184 23844670038.8033
0.4949712643678161 27428630902.2579
0.4956896551724138 27428630902.2579
0.4964080459770115 27428630902.2579
0.49712643678160917 27428630902.2579
0.4978448275862069 27428630902.2579
0.4985632183908046 29829733124.0404
0.49928160919540227 29829733124.0404
0.5 29829733124.0404
0.5007183908045977 29829733124.0404
0.5014367816091954 34661425923.9769
0.5021551724137931 34661425923.9769
0.5028735632183908 34661425923.9769
0.5035919540229885 34661425923.9769
0.5043103448275862 35002482026.1332
0.5050287356321839 35002482026.1332
0.5057471264367817 35002482026.1332
0.5064655172413793 35002482026.1332
0.507183908045977 35002482026.1332
0.5079022988505747 35985640265.0762
0.5086206896551724 35985640265.0762
0.50933908045977 35985640265.0762
0.5100574712643678 35985640265.0762
0.5107758620689655 39603666252.4184
0.5114942528735632 39603666252.4184
0.5122126436781609 39603666252.4184
0.5129310344827586 39603666252.4184
0.5136494252873564 39603666252.4184
0.514367816091954 40300030327.8914
0.5150862068965517 40300030327.8914
0.5158045977011494 40300030327.8914
0.5165229885057471 40300030327.8914
0.5172413793103449 40300030327.8914
0.5179597701149425 40007470271.2713
0.5186781609195402 40007470271.2713
0.5193965517241379 40007470271.2713
0.5201149425287356 40007470271.2713
0.5208333333333334 39457671307.1387
0.521551724137931 39457671307.1387
0.5222701149425287 39457671307.1387
0.5229885057471264 39457671307.1387
0.5237068965517241 39457671307.1387
0.5244252873563219 40640955016.5765
0.5251436781609196 40640955016.5765
0.5258620689655172 40640955016.5765
0.5265804597701149 40640955016.5765
0.5272988505747126 43971662056.0896
0.5280172413793104 43971662056.0896
0.5287356321839081 43971662056.0896
0.5294540229885057 43971662056.0896
0.5301724137931034 43971662056.0896
0.5308908045977011 41272873894.697
0.5316091954022989 41272873894.697
0.5323275862068966 41272873894.697
0.5330459770114943 41272873894.697
0.5337643678160919 44455415962.3438
0.5344827586206896 44455415962.3438
0.5352011494252874 44455415962.3438
0.5359195402298851 44455415962.3438
0.5366379310344828 44455415962.3438
0.5373563218390804 46684376316.8603
0.5380747126436781 46684376316.8603
0.5387931034482758 46684376316.8603
0.5395114942528736 46684376316.8603
0.5402298850574713 47427554950.6483
0.540948275862069 47427554950.6483
0.5416666666666666 47427554950.6483
0.5423850574712643 47427554950.6483
0.5431034482758621 47427554950.6483
0.5438218390804598 46717549644.7064
0.5445402298850575 46717549644.7064
0.5452586206896551 46717549644.7064
0.5459770114942528 46717549644.7064
0.5466954022988506 49446390688.2414
0.5474137931034483 49446390688.2414
0.548132183908046 49446390688.2414
0.5488505747126436 49446390688.2414
0.5495689655172413 49446390688.2414
0.5502873563218391 49446390688.2414
0.5510057471264368 47610564513.4713
0.5517241379310345 47610564513.4713
0.5524425287356322 47610564513.4713
0.5531609195402298 47610564513.4713
0.5538793103448276 47643398017.8034
0.5545977011494253 47643398017.8034
0.555316091954023 47643398017.8034
0.5560344827586207 47643398017.8034
0.5567528735632183 48807487244.6814
0.5574712643678161 48807487244.6814
0.5581896551724138 48807487244.6814
0.5589080459770115 48807487244.6814
0.5596264367816092 48807487244.6814
0.5603448275862069 48807487244.6814
0.5610632183908046 47589591153.625
0.5617816091954023 47589591153.625
0.5625 47589591153.625
0.5632183908045977 47589591153.625
0.5639367816091954 49692386354.8938
0.5646551724137931 49692386354.8938
0.5653735632183908 49692386354.8938
0.5660919540229885 49692386354.8938
0.5668103448275862 49692386354.8938
0.5675287356321839 49402014931.2275
0.5682471264367815 49402014931.2275
0.5689655172413793 49402014931.2275
0.569683908045977 49402014931.2275
0.5704022988505747 51076366303.4819
0.5711206896551724 51076366303.4819
0.57183908045977 51076366303.4819
0.5725574712643678 51076366303.4819
0.5732758620689655 52278304845.5917
0.5739942528735632 52278304845.5917
0.5747126436781609 52278304845.5917
0.5754310344827586 52278304845.5917
0.5761494252873564 52278304845.5917
0.576867816091954 52699842409.347
0.5775862068965517 52699842409.347
0.5783045977011494 52699842409.347
0.5790229885057471 52699842409.347
0.5797413793103449 52699842409.347
0.5804597701149425 54256630327.89
0.5811781609195402 54256630327.89
0.5818965517241379 54256630327.89
0.5826149425287356 54256630327.89
0.5833333333333334 56957648455.01
0.584051724137931 56957648455.01
0.5847701149425287 56957648455.01
0.5854885057471264 56957648455.01
0.5862068965517241 56957648455.01
0.5869252873563219 59335351233.8666
0.5876436781609196 59335351233.8666
0.5883620689655172 59335351233.8666
0.5890804597701149 59335351233.8666
0.5897988505747126 60813224039.4403
0.5905172413793104 60813224039.4403
0.5912356321839081 60813224039.4403
0.5919540229885057 60813224039.4403
0.5926724137931034 60813224039.4403
0.5933908045977011 60883825480.0983
0.5941091954022989 60883825480.0983
0.5948275862068966 60883825480.0983
0.5955459770114943 60883825480.0983
0.5962643678160919 62253982449.7608
0.5969827586206896 62253982449.7608
0.5977011494252873 62253982449.7608
0.5984195402298851 62253982449.7608
0.5991379310344828 62253982449.7608
0.5998563218390804 65848255179.7026
0.6005747126436781 65848255179.7026
0.6012931034482758 65848255179.7026
0.6020114942528736 65848255179.7026
0.6027298850574713 72722780642.5472
0.603448275862069 72722780642.5472
0.6041666666666666 72722780642.5472
0.6048850574712643 72722780642.5472
0.6056034482758621 79102380900.226
0.6063218390804598 79102380900.226
0.6070402298850575 79102380900.226
0.6077586206896551 79102380900.226
0.6084770114942528 93448670796.3238
0.6091954022988506 93448670796.3238
0.6099137931034483 93448670796.3238
0.610632183908046 93448670796.3238
0.6113505747126436 103880340815.456
0.6120689655172413 103880340815.456
0.6127873563218391 103880340815.456
0.6135057471264368 103880340815.456
0.6142241379310345 103880340815.456
0.6149425287356322 113354299801.471
0.6156609195402298 113354299801.471
0.6163793103448276 113354299801.471
0.6170977011494253 113354299801.471
0.617816091954023 120033340651.237
0.6185344827586207 120033340651.237
0.6192528735632183 120033340651.237
0.6199712643678161 120033340651.237
0.6206896551724138 144116447847.349
0.6214080459770115 144116447847.349
0.6221264367816092 144116447847.349
0.6228448275862069 144116447847.349
0.6235632183908046 163491654908.959
0.6242816091954023 163491654908.959
0.625 163491654908.959
0.6257183908045977 163491654908.959
0.6264367816091954 163491654908.959
0.6271551724137931 158427203767.392
0.6278735632183908 158427203767.392
0.6285919540229885 158427203767.392
0.6293103448275862 158427203767.392
0.6300287356321839 165496835118.226
0.6307471264367815 165496835118.226
0.6314655172413793 165496835118.226
0.632183908045977 165496835118.226
0.6329022988505747 165496835118.226
0.6336206896551724 166851513282.777
0.63433908045977 166851513282.777
0.6350574712643678 166851513282.777
0.6357758620689655 166851513282.777
0.6364942528735632 178678307671.688
0.6372126436781609 178678307671.688
0.6379310344827586 178678307671
0.6386494252873564 178678307671
0.639367816091954 178678307671
0.6400862068965517 178659257772
0.6408045977011494 178659257772
0.6415229885057471 178659257772
0.6422413793103449 178659257772
0.6429597701149425 190502504490.88
0.6436781609195402 194254820283
0.6443965517241379 194254820283
0.6451149425287356 194254820283
0.6458333333333334 194254820283
0.646551724137931 199312067531
0.6472701149425287 199312067531
0.6479885057471264 199312067531
0.6487068965517241 199312067531
0.6494252873563219 199312067531
0.6501436781609196 196061423939
0.6508620689655172 196061423939.25
0.6515804597701149 196061423939
0.6522988505747126 196061423939
0.6530172413793104 209453158595
0.6537356321839081 209453158595
0.6544540229885057 209453158595
0.6551724137931034 209453158595
0.6558908045977011 209557682217.146
0.6566091954022989 213398925331
0.6573275862068966 213398925331
0.6580459770114943 213398925331
0.6587643678160919 213398925331
0.6594827586206896 213492501107
0.6602011494252873 213492501107
0.6609195402298851 213492501107
0.6616379310344828 213492501107
0.6623563218390804 213492501107
0.6630747126436781 201893210853
0.6637931034482758 201893210853
0.6645114942528736 201893210853
0.6652298850574713 201893210853
0.665948275862069 203483855226.699
0.6666666666666666 217375482757
0.6673850574712643 217375482757
0.6681034482758621 217375482757
0.6688218390804598 217375482757
0.6695402298850575 220755908330
0.6702586206896551 220755908330
0.6709770114942528 220755908330
0.6716954022988506 220755908330
0.6724137931034483 220755908330
0.673132183908046 225832872179
0.6738505747126436 225832872179
0.6745689655172413 225832872179
0.6752873563218391 225832872179
0.6760057471264368 241227200229
0.6767241379310345 241227200229
0.6774425287356322 241227200229
0.6781609195402298 241227200229
0.6788793103448276 250540187707.846
0.6795977011494253 258522748404
0.680316091954023 258522748404
0.6810344827586207 258522748404
0.6817528735632183 258522748404
0.6824712643678161 253618246641
0.6831896551724138 253618246641
0.6839080459770115 253618246641
0.6846264367816092 253618246641
0.6853448275862069 253618246641
0.6860632183908046 254620187304
0.6867816091954023 254620187304
0.6875 254620187304
0.6882183908045977 254620187304
0.6889367816091954 281800917193
0.6896551724137931 281800917193
0.6903735632183908 281800917193
0.6910919540229885 281800917193
0.6918103448275862 281800917193
0.6925287356321839 286765766820
0.6932471264367815 286765766820
0.6939655172413793 286765766820
0.694683908045977 286765766820
0.6954022988505747 310153855703
0.6961206896551724 310153855703
0.69683908045977 310153855703
0.6975574712643678 310153855703
0.6982758620689655 312083434211.183
0.6989942528735632 317688400354
0.6997126436781609 317688400354
0.7004310344827586 317688400354
0.7011494252873564 317688400354
0.701867816091954 336899932795
0.7025862068965517 336899932795
0.7033045977011494 336899932795
0.7040229885057471 336899932795
0.7047413793103449 392963262344
0.7054597701149425 392963262344
0.7061781609195402 392963262344
0.7068965517241379 392963262344
0.7076149425287356 422170566883
0.7083333333333334 422170566883
0.709051724137931 422170566883
0.7097701149425287 422170566883
0.7104885057471264 422170566883
0.7112068965517241 440779902286
0.7119252873563219 440779902286
0.7126436781609196 440779902286
0.7133620689655172 440779902286
0.7140804597701149 460769358090
0.7147988505747126 460769358090
0.7155172413793104 460769358090
0.7162356321839081 460769358090
0.7169540229885057 460769358090
0.7176724137931034 475705205061
0.7183908045977011 475705205061
0.7191091954022989 475705205061
0.7198275862068966 475705205061
0.7205459770114943 499635929816
0.7212643678160919 499635929816
0.7219827586206896 499635929816
0.7227011494252873 499635929816
0.7234195402298851 499635929816
0.7241379310344828 520808749422
0.7248563218390804 520808749422
0.7255747126436781 520808749422
0.7262931034482758 520808749422
0.7270114942528736 521839702599.075
0.7277298850574713 521974519553
0.728448275862069 521974519553
0.7291666666666666 521974519553
0.7298850574712643 521974519553
0.7306034482758621 559970892890
0.7313218390804598 559970892890
0.7320402298850575 559970892890
0.7327586206896551 559970892890
0.7334770114942528 595921917085
0.7341954022988506 595921917085
0.7349137931034483 595921917085
0.735632183908046 595921917085
0.7363505747126436 678760110082
0.7370689655172413 678760110082
0.7377873563218391 678760110082
0.7385057471264368 678760110082
0.7392241379310345 679668719408.648
0.7399425287356322 711697198173
0.7406609195402298 711697198173
0.7413793103448276 711697198173
0.7420977011494253 711697198173
0.742816091954023 708707940675.899
0.7435344827586207 708659466230
0.7442528735632183 708659466230
0.7449712643678161 708659466230
0.7456896551724138 761764941640.259
0.7464080459770115 804525194568
0.7471264367816092 804525194568
0.7478448275862069 804525194568
0.7485632183908046 804525194568
0.7492816091954023 860221984436
0.75 860221984436
0.7507183908045977 860221984436
0.7514367816091954 860221984436
0.752155172413793 923233068448
0.7528735632183908 923233068448
0.7535919540229885 923233068448
0.7543103448275862 923233068448
0.7550287356321839 923233068448
0.7557471264367815 888171856257
0.7564655172413793 888171856257
0.757183908045977 888171856257
0.7579022988505747 888171856257
0.7586206896551724 903315386418.901
0.75933908045977 922724699725
0.7600574712643678 922724699725
0.7607758620689655 922724699725
0.7614942528735632 1052185622754.52
0.7622126436781609 1103400932964
0.7629310344827586 1103400932964
0.7636494252873564 1103400932964
0.764367816091954 1103400932964
0.7650862068965517 1123863285132
0.7658045977011494 1123863285132
0.7665229885057471 1123863285132
0.7672413793103449 1123863285132
0.7679597701149425 1182954806242.91
0.7686781609195402 1196792694098
0.7693965517241379 1196792694098
0.7701149425287356 1196792694098
0.7708333333333334 1452839779145
0.771551724137931 1452839779145
0.7722701149425287 1452839779145
0.7729885057471264 1452839779145
0.7737068965517241 1452839779145
0.7744252873563219 1364422081125
0.7751436781609196 1364422081125
0.7758620689655172 1364422081125
0.7765804597701149 1364422081125
0.7772988505747126 1364422081125
0.7780172413793104 1347001430558
0.7787356321839081 1347001430558
0.7794540229885057 1347001430558
0.7801724137931034 1347001430558
0.7808908045977011 1590896927258
0.7816091954022988 1590896927258
0.7823275862068966 1590896927258
0.7830459770114943 1590896927258
0.7837643678160919 1873105475221
0.7844827586206896 1873105475221
0.7852011494252873 1873105475221
0.7859195402298851 1873105475221
0.7866379310344828 1922580604979.83
0.7873563218390804 1931136454487
0.7880747126436781 1931136454487
0.7887931034482758 1931136454487
0.7895114942528736 2134254177773.12
0.7902298850574713 2227847638503
0.790948275862069 2227847638503
0.7916666666666666 2227847638503
0.7923850574712643 2460585023617.37
0.7931034482758621 2603077300218
0.7938218390804598 2603077300218
0.7945402298850575 2603077300218
0.7952586206896551 2607870187292.06
0.7959770114942528 2874674234415
0.7966954022988506 2874674234415
0.7974137931034483 2874674234415
0.798132183908046 2874674234415
0.7988505747126436 3007383866429
0.7995689655172413 3007383866429
0.8002873563218391 3007383866429
0.8010057471264368 3007383866429
0.8017241379310345 3233581400367.21
0.8024425287356322 3290605988755
0.8031609195402298 3290605988755
0.8038793103448276 3290605988755
0.8045977011494253 3290605988755
0.805316091954023 3462542391191
0.8060344827586207 3462542391191
0.8067528735632183 3462542391191
0.8074712643678161 3462542391191
0.8081896551724138 3494288842678.95
0.8089080459770115 3511060552899
0.8096264367816092 3511060552899
0.8103448275862069 3511060552899
0.8110632183908046 3511060552899
0.8117816091954023 3839316899029
0.8125 3839316899029
0.8132183908045977 3839316899029
0.8139367816091954 3839316899029
0.814655172413793 4022059196164
0.8153735632183908 4022059196164
0.8160919540229885 4022059196164
0.8168103448275862 4022059196164
0.8175287356321839 4022059196164
0.8182471264367815 4143878474754
0.8189655172413793 4143878474754
0.819683908045977 4143878474754
0.8204022988505747 4143878474754
0.8211206896551724 4306949573981
0.82183908045977 4306949573981
0.8225574712643678 4306949573981
0.8232758620689655 4306949573981
0.8239942528735632 4940704885521
0.8247126436781609 4940704885521
0.8254310344827586 4940704885521
0.8261494252873564 4940704885521
0.826867816091954 4940704885521
0.8275862068965517 5077499034879
0.8283045977011494 5077499034879
0.8290229885057471 5077499034879
0.8297413793103449 5077499034879
0.8304597701149425 5363678461481
0.8311781609195402 5363678461481
0.8318965517241379 5363678461481
0.8326149425287356 5363678461481
0.8333333333333334 5363678461481
0.834051724137931 5178671069072
0.8347701149425287 5178671069072
0.8354885057471264 5178671069072
0.8362068965517241 5178671069072
0.8369252873563219 5949437371609
0.8376436781609196 5949437371609
0.8383620689655172 5949437371610
0.8390804597701149 5949437371610
0.8397988505747126 6197839919507.6
0.8405172413793104 6389316883512
0.8412356321839081 6389316883512
0.8419540229885057 6389316883512
0.8426724137931034 6389316883512
0.8433908045977011 6727225469723
0.8441091954022988 6727225469723
0.8448275862068966 6727225469723
0.8455459770114943 6727225469723
0.8462643678160919 6971177230937.86
0.8469827586206896 7019199231177
0.8477011494252873 7019199231177
0.8484195402298851 7019199231177
0.8491379310344828 7019199231177
0.8498563218390804 7152633351906
0.8505747126436781 7152633351906
0.8512931034482758 7152633351906
0.8520114942528736 7152633351906
0.8527298850574713 7364268059355.9
0.853448275862069 7454968648263
0.8541666666666666 7454968648263
0.8548850574712643 7454968648263
0.8556034482758621 7454968648263
0.8563218390804598 7182852313938
0.8570402298850575 7182852313938
0.8577586206896551 7182852313938
0.8584770114942528 7182852313938
0.8591954022988506 7182852313938
0.8599137931034483 7184404942702
0.860632183908046 7184404942702
0.8613505747126436 7184404942702
0.8620689655172413 7184404942702
0.8627873563218391 7184404942702
0.8635057471264368 6653303141406
0.8642241379310345 6653303141406
0.8649425287356322 6653303141406
0.8656609195402298 6653303141406
0.8663793103448276 6653303141406
0.8670977011494253 6194015746026.25
0.867816091954023 5646403851535
0.8685344827586207 5646403851535
0.8692528735632183 5646403851535
0.8699712643678161 5646403851535
0.8706896551724138 5621092245587.73
0.8714080459770115 5106422924660
0.8721264367816092 5106422924660
0.8728448275862069 5106422924660
0.8735632183908046 5106422924660
0.8742816091954023 5618595848853
0.875 5618595848853
0.8757183908045977 5618595848853
0.8764367816091954 5618595848853
0.877155172413793 5862614531725.31
0.8778735632183908 5883988430955
0.8785919540229885 5883988430955
0.8793103448275862 5883988430955
0.8800287356321839 5883988430955
0.8807471264367815 5814661935892
0.8814655172413793 5814661935892
0.882183908045977 5814661935892
0.8829022988505747 5814661935892
0.8836206896551724 5894008795042.54
0.88433908045977 6061518831027
0.8850574712643678 6061518831027
0.8857758620689655 6061518831027
0.8864942528735632 6061518831027
0.8872126436781609 6071846049921
0.8879310344827586 6071846049921
0.8886494252873564 6071846049921
0.889367816091954 6071846049921
0.8900862068965517 6071846049921
0.8908045977011494 6068891541677
0.8915229885057471 6068891541677
0.8922413793103449 6068891541677
0.8929597701149425 6068891541677
0.8936781609195402 6368919654419.87
0.8943965517241379 6379265451411
0.8951149425287356 6379265451411
0.8958333333333334 6379265451411
0.896551724137931 6379265451411
0.8972701149425287 6393023717202
0.8979885057471264 6393023717202
0.8987068965517241 6393023717202
0.8994252873563219 6393023717202
0.9001436781609196 6393023717202
0.9008620689655172 6353030562984
0.9015804597701149 6353030562984
0.9022988505747126 6353030562984
0.9030172413793104 6353030562984
0.9037356321839081 6702169884349
0.9044540229885057 6702169884349
0.9051724137931034 6702169884349
0.9058908045977011 6702169884349
0.9066091954022988 6702169884349
0.9073275862068966 6704632680587
0.9080459770114943 6704632680587
0.9087643678160919 6704632680587
0.9094827586206896 6704632680587
0.9102011494252873 7459680720542
0.9109195402298851 7459680720542
0.9116379310344828 7459680720542
0.9123563218390804 7459680720542
0.9130747126436781 7459680720542
0.9137931034482758 7409399249090
0.9145114942528736 7409399249090
0.9152298850574713 7409399249090
0.915948275862069 7409399249090
0.9166666666666666 7934713219631
0.9173850574712643 7934713219631
0.9181034482758621 7934713219631
0.9188218390804598 7934713219631
0.9195402298850575 9064159826491
0.9202586206896551 9064159826491
0.9209770114942528 9064159826491
0.9216954022988506 9064159826491
0.9224137931034483 9064159826491
0.923132183908046 9013786945892
0.9238505747126436 9013786945892
0.9245689655172413 9013786945892
0.9252873563218391 9013786945892
0.9260057471264368 9985348008060
0.9267241379310345 9985348008060
0.9274425287356322 9985348008060
0.9281609195402298 9985348008060
0.9288793103448276 10016798869144.1
0.9295977011494253 10183488432890
0.930316091954023 10183488432890
0.9310344827586207 10183488432890
0.9317528735632183 10183488432890
0.9324712643678161 10771996663680
0.9331896551724138 10771996663680
0.9339080459770115 10771996663680
0.9346264367816092 10771996663680
0.9353448275862069 11890594958796
0.9360632183908045 11890594958796
0.9367816091954023 11890594958796
0.9375 11890594958796
0.9382183908045977 12017674556107.8
0.9389367816091954 12759819404409
0.939655172413793 12759819404409
0.9403735632183908 12759819404409
0.9410919540229885 12759819404409
0.9418103448275862 13008091666972
0.9425287356321839 13008091666972
0.9432471264367815 13008091666972
0.9439655172413793 13008091666972
0.944683908045977 13069108485875.8
0.9454022988505747 13691480038694
0.9461206896551724 13691480038694
0.94683908045977 13691480038694
0.9475574712643678 13691480038694
0.9482758620689655 13669891710442.8
0.9489942528735632 12720005267391
0.9497126436781609 12720005267391
0.9504310344827586 12720005267391
0.9511494252873564 12720005267391
0.951867816091954 12973235968800
0.9525862068965517 12973235968800
0.9533045977011494 12973235968800
0.9540229885057471 12973235968800
0.9547413793103449 12973235968800
0.9554597701149425 12876842089682
0.9561781609195402 12876842089682
0.9568965517241379 12876842089682
0.9576149425287356 12876842089682
0.9583333333333334 12892837609390.5
0.959051724137931 12948593420946
0.9597701149425287 12948593420946
0.9604885057471264 12948593420946
0.9612068965517241 12948593420946
0.9619252873563219 13798783827516
0.9626436781609196 13798783827516
0.9633620689655172 13798783827516
0.9640804597701149 13798783827516
0.9647988505747126 14776367535689
0.9655172413793103 14776367535689
0.9662356321839081 14776367535689
0.9669540229885057 14776367535689
0.9676724137931034 14776367535689
0.9683908045977011 15466098935555
0.9691091954022988 15466098935555
0.9698275862068966 15466098935555
0.9705459770114943 15466098935555
0.9712643678160919 15521134947902.1
0.9719827586206896 15546745765529
0.9727011494252873 15546745765529
0.9734195402298851 15546745765529
0.9741379310344828 15546745765529
0.9748563218390804 15486913440293
0.9755747126436781 15486913440293
0.9762931034482758 15486913440293
0.9770114942528736 15486913440293
0.9777298850574713 16076772598590.7
0.978448275862069 16552923967337
0.9791666666666666 16552923967337
0.9798850574712643 16552923967337
0.9806034482758621 16552923967337
0.9813218390804598 16552923967337
0.9820402298850575 13912524048946
0.9827586206896551 13912524048946
0.9834770114942528 13912524048946
0.9841954022988506 13912524048946
0.9849137931034483 14397482597688.1
0.985632183908046 14715214060657
0.9863505747126436 14715214060657
0.9870689655172413 14715214060657
0.9877873563218391 14715214060657
0.9885057471264368 15958652328578
0.9892241379310345 15958652328578
0.9899425287356322 15958652328578
0.9906609195402298 15958652328578
0.9913793103448276 16079831604277.9
0.9920977011494253 16104807485529
0.992816091954023 16104807485529
0.9935344827586207 16104807485529
0.9942528735632183 16104807485529
0.9949712643678161 15213703057048.3
0.9956896551724138 15138043247083
0.9964080459770115 15138043247083
0.9971264367816092 15138043247083
0.9978448275862069 15138043247083
0.9985632183908045 14477089134396.8
0.9992816091954023 13732352106018
1.0 13732352106018
