0.0007183908045977011 -0.00010371640742593688
0.0014367816091954023 -0.00010379102356566276
0.0021551724137931034 -0.00010386574714410363
0.0028735632183908046 -0.0001039405783934487
0.0035919540229885057 -0.00010401551754658403
0.004310344827586207 -0.0001040905648370674
0.005028735632183908 -0.00010416572049913216
0.005747126436781609 -0.00010424098476768694
0.00646551724137931 -0.0001043163578783219
0.007183908045977011 -0.00010439184006730696
0.007902298850574713 -0.00010446743157159794
0.008620689655172414 -0.00010454313262883668
0.009339080459770114 -0.00010461894347735486
0.010057471264367816 -0.00010469486435617604
0.010775862068965518 -0.00010477089550501632
0.011494252873563218 -0.00010484703716429158
0.012212643678160919 -0.00010492328957511516
0.01293103448275862 -0.0001049996529793033
0.013649425287356323 -0.00010507612761937463
0.014367816091954023 -0.00010515271373855807
0.015086206896551723 -0.00010522941158079019
0.015804597701149427 -0.00010530622139071968
0.016522988505747127 -0.0001053831434137105
0.017241379310344827 -0.00010546017789584451
0.017959770114942528 -0.00010553732508392299
0.018678160919540228 -0.0001056145852254706
0.01939655172413793 -0.00010569195856873531
0.020114942528735632 -0.0001057694453626962
0.020833333333333332 -0.00010584704585706091
0.021551724137931036 -0.00010592476030227154
0.022270114942528736 -0.00010600258894950413
0.022988505747126436 -0.00010608053205067663
0.023706896551724137 -0.00010615858985844632
0.024425287356321837 -0.00010623676262621576
0.02514367816091954 -0.00010631505060813245
0.02586206896551724 -0.00010639345405909657
0.02658045977011494 -0.0001064719732347588
0.027298850574712645 -0.00010655060839152607
0.028017241379310345 -0.00010662935978656129
0.028735632183908046 -0.00010670822767779127
0.029454022988505746 -0.00010678721232390449
0.030172413793103446 -0.00010686631398435688
0.03089080459770115 -0.00010694553291937166
0.031609195402298854 -0.00010702486938994835
0.032327586206896554 -0.00010710432365785431
0.033045977011494254 -0.0001071838959856467
0.033764367816091954 -0.00010726358663664793
0.034482758620689655 -0.00010734339587498082
0.035201149425287355 -0.0001074233239655381
0.035919540229885055 -0.00010750337117401881
0.036637931034482756 -0.00010758353776689783
0.037356321839080456 -0.00010766382401146211
0.03807471264367816 -0.00010774423017578249
0.03879310344827586 -0.00010782475652873757
0.039511494252873564 -0.00010790540334001649
0.040229885057471264 -0.00010798617088010132
0.040948275862068964 -0.00010806705942030127
0.041666666666666664 -0.00010814806923272232
0.042385057471264365 -0.00010822920059030374
0.04310344827586207 -0.00010831045376678974
0.04382183908045977 -0.00010839182903675353
0.04454022988505747 -0.00010847332667560038
0.04525862068965517 -0.00010855494695954975
0.04597701149425287 -0.00010863669016566994
0.04669540229885057 -0.0001087185565718476
0.04741379310344827 -0.00010880054645682443
0.048132183908045974 -0.00010888266010016683
0.048850574712643674 -0.00010896489778230264
0.04956896551724138 -0.0001090472597844928
0.05028735632183908 -0.00010912974638885559
0.05100574712643678 -0.00010921235787836992
0.05172413793103448 -0.00010929509453685735
0.05244252873563218 -0.00010937795664901713
0.05316091954022988 -0.0001094609445003956
0.05387931034482758 -0.00010954405837742333
0.05459770114942529 -0.0001096272985673866
0.05531609195402299 -0.00010971066535845201
0.05603448275862069 -0.00010979415903966967
0.05675287356321839 -0.00010987777990095548
0.05747126436781609 -0.00010996152823312614
0.05818965517241379 -0.00011004540432786875
0.05890804597701149 -0.00011012940847777804
0.05962643678160919 -0.00011021354097632572
0.06034482758620689 -0.0001102978021178982
0.0610632183908046 -0.00011038219219776771
0.0617816091954023 -0.00011046671151211745
0.0625 -0.00011055136035804468
0.06321839080459771 -0.00011063613903354317
0.0639367816091954 -0.00011072104783753851
0.06465517241379311 -0.00011080608706985971
0.0653735632183908 -0.00011089125703126405
0.06609195402298851 -0.00011097655802343848
0.0668103448275862 -0.00011106199034899468
0.06752873563218391 -0.00011114755431147256
0.0682471264367816 -0.00011123325021535245
0.06896551724137931 -0.00011131907836606088
0.06968390804597702 -0.00011140503906995277
0.07040229885057471 -0.0001114911326343472
0.07112068965517242 -0.00011157735936749894
0.07183908045977011 -0.00011166371957862351
0.07255747126436782 -0.00011175021357789892
0.07327586206896551 -0.00011183684167646057
0.07399425287356322 -0.00011192360418640504
0.07471264367816091 -0.00011201050142080254
0.07543103448275862 -0.00011209753369370275
0.07614942528735633 -0.00011218470132011706
0.07686781609195402 -0.00011227200461605472
0.07758620689655173 -0.00011235944389849431
0.07830459770114942 -0.0001124470194854091
0.07902298850574713 -0.0001125347316957689
0.07974137931034482 -0.00011262258084953512
0.08045977011494253 -0.0001127105672676647
0.08117816091954023 -0.00011279869127212491
0.08189655172413793 -0.00011288695318588637
0.08261494252873564 -0.00011297535333293792
0.08333333333333333 -0.00011306389203827964
0.08405172413793104 -0.00011315256962792686
0.08477011494252873 -0.00011324138642892294
0.08548850574712644 -0.00011333034276934532
0.08620689655172414 -0.0001134194389782829
0.08692528735632184 -0.00011350867538588781
0.08764367816091954 -0.00011359805232333652
0.08836206896551724 -0.00011368757012284617
0.08908045977011494 -0.00011377722911768788
0.08979885057471264 -0.00011386702964218716
0.09051724137931035 -0.00011395697203172153
0.09123563218390804 -0.00011404705662272666
0.09195402298850575 -0.00011413728375271182
0.09267241379310345 -0.00011422765376024185
0.09339080459770115 -0.00011431816698497238
0.09410919540229885 -0.00011440882376761881
0.09482758620689655 -0.00011449962444997311
0.09554597701149425 -0.0001145905693749433
0.09626436781609195 -0.00011468165888652323
0.09698275862068965 -0.00011477289332975199
0.09770114942528735 -0.00011486427305082344
0.09841954022988506 -0.00011495579839704138
0.09913793103448276 -0.00011504746971672938
0.09985632183908046 -0.00011513928735942819
0.10057471264367816 -0.00011523125167577958
0.10129310344827586 -0.00011532336301748506
0.10201149425287356 -0.00011541562173738986
0.10272988505747126 -0.00011550802818950546
0.10344827586206896 -0.00011560058272897344
0.10416666666666667 -0.00011569328571204058
0.10488505747126436 -0.00011578613749611321
0.10560344827586207 -0.00011587913843975175
0.10632183908045977 -0.00011597228890266692
0.10704022988505747 -0.00011606558924572256
0.10775862068965517 -0.000116159039830906
0.10847701149425287 -0.00011625264102146171
0.10919540229885058 -0.00011634639318178997
0.10991379310344827 -0.00011644029667740296
0.11063218390804598 -0.00011653435187497235
0.11135057471264367 -0.00011662855914245653
0.11206896551724138 -0.000116722918849009
0.11278735632183907 -0.00011681743136478133
0.11350574712643678 -0.00011691209706136567
0.11422413793103448 -0.00011700691631156375
0.11494252873563218 -0.00011710188948919657
0.11566091954022989 -0.00011719701696934556
0.11637931034482758 -0.00011729229912840527
0.11709770114942529 -0.00011738773634397933
0.11781609195402298 -0.00011748332899483285
0.11853448275862069 -0.00011757907746100803
0.11925287356321838 -0.0001176749821237824
0.11997126436781609 -0.00011777104336570115
0.12068965517241378 -0.00011786726157050969
0.12140804597701149 -0.00011796363712321544
0.1221264367816092 -0.00011806017040999515
0.12284482758620689 -0.00011815686181854097
0.1235632183908046 -0.0001182537117377998
0.12428160919540229 -0.00011835072055774232
0.125 -0.00011844788866973367
0.1257183908045977 -0.00011854521646646679
0.12643678160919541 -0.00011864270434189876
0.1271551724137931 -0.00011874035269129038
0.1278735632183908 -0.00011883816191114544
0.1285919540229885 -0.0001189361323993576
0.1293103448275862 -0.00011903426455519328
0.13002873563218392 -0.00011913255877907718
0.1307471264367816 -0.00011923101547272007
0.1314655172413793 -0.00011932963503940281
0.13218390804597702 -0.00011942841788369052
0.1329022988505747 -0.00011952736441073757
0.13362068965517243 -0.00011962647502459908
0.1343390804597701 -0.00011972575013808565
0.13505747126436782 -0.00011982519016419663
0.13577586206896552 -0.00011992479550875167
0.1364942528735632 -0.00012002456658609121
0.1372126436781609 -0.00012012450381190222
0.13793103448275862 -0.00012022460759982433
0.13864942528735633 -0.00012032487836371996
0.13936781609195403 -0.00012042531652462396
0.1400862068965517 -0.00012052592250503364
0.14080459770114942 -0.00012062669671863738
0.14152298850574713 -0.00012072763959208991
0.1422413793103448 -0.00012082875155352155
0.14295977011494254 -0.00012093003302377447
0.14367816091954022 -0.00012103148442643802
0.14439655172413793 -0.00012113310619260729
0.14511494252873564 -0.00012123489875476466
0.14583333333333331 -0.00012133686254084886
0.14655172413793105 -0.00012143899798079772
0.14727011494252873 -0.00012154130551087956
0.14798850574712644 -0.00012164378556884462
0.14870689655172414 -0.00012174643858344793
0.14942528735632182 -0.00012184926499852526
0.15014367816091953 -0.00012195226525936596
0.15086206896551724 -0.00012205543980160251
0.15158045977011494 -0.00012215878905711487
0.15229885057471265 -0.00012226231348095071
0.15301724137931033 -0.0001223660135297309
0.15373563218390804 -0.00012246988963981895
0.15445402298850575 -0.00012257394225833134
0.15517241379310345 -0.00012267817183719688
0.15589080459770116 -0.0001227825788298015
0.15660919540229884 -0.00012288716366700683
0.15732758620689655 -0.0001229919268246225
0.15804597701149425 -0.00012309686877998207
0.15876436781609193 -0.00012320198994465213
0.15948275862068967 -0.00012330729080375804
0.16020114942528735 -0.00012341277184401686
0.16091954022988506 -0.0001235184334634291
0.16163793103448276 -0.00012362427616545595
0.16235632183908044 -0.000123730300455218
0.16307471264367818 -0.0001238365067610239
0.16379310344827586 -0.00012394289548878036
0.16451149425287356 -0.000124049467172441
0.16522988505747127 -0.00012415622234752702
0.16594827586206895 -0.00012426316139198354
0.16666666666666666 -0.00012437028481427183
0.16738505747126436 -0.00012447759312446584
0.16810344827586207 -0.0001245850867686517
0.16882183908045978 -0.00012469276611414785
0.16954022988505746 -0.0001248006317563994
0.17025862068965517 -0.00012490868429249278
0.17097701149425287 -0.000125016924094766
0.17169540229885058 -0.00012512535158996858
0.1724137931034483 -0.00012523396732754243
0.17313218390804597 -0.0001253427718586961
0.17385057471264367 -0.00012545176561523828
0.17456896551724138 -0.0001255609490417524
0.17528735632183906 -0.0001256703226835042
0.1760057471264368 -0.00012577988708743488
0.17672413793103448 -0.00012588964270334406
0.17744252873563218 -0.00012599958997446957
0.1781609195402299 -0.0001261097294612956
0.17887931034482757 -0.00012622006172613388
0.1795977011494253 -0.0001263305872174616
0.18031609195402298 -0.00012644130634637324
0.1810344827586207 -0.00012655221971966747
0.1817528735632184 -0.00012666332794587958
0.18247126436781608 -0.0001267746314415048
0.18318965517241378 -0.00012688613061367506
0.1839080459770115 -0.0001269978260874894
0.1846264367816092 -0.00012710971848993777
0.1853448275862069 -0.00012722180794983768
0.18606321839080459 -0.00012733409527348804
0.1867816091954023 -0.00012744658126900485
0.1875 -0.0001275592656600282
0.18821839080459768 -0.00012767214949350173
0.18893678160919541 -0.00012778523381818576
0.1896551724137931 -0.00012789851808832502
0.1903735632183908 -0.0001280120033964485
0.1910919540229885 -0.00012812569083692687
0.1918103448275862 -0.00012823958038854505
0.19252873563218392 -0.00012835367259072617
0.1932471264367816 -0.00012846796798483462
0.1939655172413793 -0.00012858246730985918
0.19468390804597702 -0.0001286971709153235
0.1954022988505747 -0.000128812079152763
0.1961206896551724 -0.00012892719276698855
0.1968390804597701 -0.0001290425119465195
0.19755747126436782 -0.00012915803760702176
0.19827586206896552 -0.00012927377066606388
0.1989942528735632 -0.00012938971131817213
0.1997126436781609 -0.00012950585985113048
0.20043103448275862 -0.0001296222170972305
0.20114942528735633 -0.00012973878389085198
0.20186781609195403 -0.0001298555605257934
0.2025862068965517 -0.00012997254709941694
0.20330459770114942 -0.00013008974465071458
0.20402298850574713 -0.0001302071542207029
0.2047413793103448 -0.00013032477461798027
0.20545977011494254 -0.00013044260771283715
0.20617816091954022 -0.00013056065537766698
0.20689655172413793 -0.00013067891454581162
0.20761494252873564 -0.00013079738815018678
0.20833333333333331 -0.00013091607912589013
0.20905172413793105 -0.0001310349805337373
0.20977011494252873 -0.00013115409813549802
0.21048850574712644 -0.0001312734376951025
0.21120689655172414 -0.00013139299104043302
0.21192528735632182 -0.00013151276235662222
0.21264367816091953 -0.0001316327558309419
0.21336206896551724 -0.0001317529600725306
0.21408045977011494 -0.00013187338408144478
0.21479885057471265 -0.00013199403685985875
0.21551724137931033 -0.00013211489699294256
0.21623563218390804 -0.00013223597870959375
0.21695402298850575 -0.00013235729624090905
0.21767241379310345 -0.00013247883657776908
0.21839080459770116 -0.00013260059534865213
0.21910919540229884 -0.00013272257815603837
0.21982758620689655 -0.00013284479060464858
0.22054597701149425 -0.0001329672283297846
0.22126436781609193 -0.000133089891954942
0.22198275862068967 -0.00013321277863794122
0.22270114942528735 -0.0001333358924747792
0.22341954022988506 -0.00013345923756379765
0.22413793103448276 -0.0001335828110697737
0.22485632183908044 -0.00013370660826079583
0.22557471264367818 -0.00013383063514130789
0.22629310344827586 -0.0001339548977181419
0.22701149425287356 -0.0001340793912664733
0.22772988505747127 -0.00013420411643083805
0.22844827586206895 -0.00013432907611162387
0.22916666666666666 -0.0001344542687048315
0.22988505747126436 -0.00013457969260885356
0.23060344827586207 -0.00013470535073135758
0.23132183908045978 -0.00013483124372898987
0.23204022988505746 -0.0001349573730183213
0.23275862068965517 -0.00013508373850357105
0.23347701149425287 -0.00013521034009140713
0.23419540229885055 -0.0001353371792058467
0.2349137931034483 -0.00013546425712209333
0.23563218390804597 -0.00013559157390561708
0.23635057471264367 -0.00013571912962443626
0.23706896551724138 -0.00013584692556132025
0.23778735632183906 -0.00013597496239552807
0.2385057471264368 -0.00013610324260128552
0.23922413793103448 -0.00013623176507049194
0.23994252873563218 -0.00013636052869765502
0.2406609195402299 -0.00013648953596474695
0.24137931034482757 -0.00013661878756395884
0.24209770114942528 -0.00013674828419007467
0.24281609195402298 -0.00013687803253802558
0.2435344827586207 -0.0001370080273103815
0.2442528735632184 -0.00013713826321228956
0.24497126436781608 -0.00013726874694673007
0.24568965517241378 -0.00013739947922179668
0.2464080459770115 -0.00013753046792812693
0.2471264367816092 -0.00013766170659939412
0.2478448275862069 -0.00013779318877191253
0.24856321839080459 -0.00013792492234456115
0.2492816091954023 -0.0001380569080390636
0.25 -0.00013818914687723757
0.2507183908045977 -0.00013832163928903198
0.2514367816091954 -0.00013845438570710207
0.2521551724137931 -0.0001385873871617051
0.25287356321839083 -0.0001387206443885242
0.2535919540229885 -0.00013885416088648862
0.2543103448275862 -0.0001389879346365562
0.2550287356321839 -0.00013912196362245838
0.2557471264367816 -0.000139256251351768
0.2564655172413793 -0.0001393907968299518
0.257183908045977 -0.00013952560255440748
0.2579022988505747 -0.00013966067102541568
0.25862068965517243 -0.0001397960012572
0.2593390804597701 -0.00013993159401145324
0.2600574712643678 -0.00014006744992013995
0.2607758620689655 -0.00014020356988352648
0.2614942528735632 -0.00014033995480483344
0.26221264367816094 -0.0001404766053249965
0.2629310344827586 -0.00014061351975727706
0.2636494252873563 -0.00014075070134466646
0.26436781609195403 -0.00014088815333322333
0.2650862068965517 -0.00014102587404530195
0.26580459770114945 -0.00014116386426971976
0.2665229885057471 -0.0001413021232532977
0.2672413793103448 -0.00014144065333614674
0.26795977011494254 -0.00014157945686152042
0.2686781609195402 -0.00014171853308554748
0.2693965517241379 -0.00014185788086216558
0.27011494252873564 -0.0001419975029494473
0.2708333333333333 -0.00014213740210872468
0.27155172413793105 -0.00014227757720343957
0.27227011494252873 -0.0001424180290507426
0.2729885057471264 -0.0001425587585618164
0.27370689655172414 -0.00014269976646955163
0.2744252873563218 -0.00014284105351017816
0.27514367816091956 -0.00014298262060462067
0.27586206896551724 -0.00014312446531346008
0.2765804597701149 -0.00014326659174642597
0.27729885057471265 -0.00014340900401648666
0.27801724137931033 -0.00014355169969427128
0.27873563218390807 -0.00014369467962661655
0.27945402298850575 -0.0001438379446280178
0.2801724137931034 -0.0001439814955878126
0.28089080459770116 -0.00014412533339866045
0.28160919540229884 -0.00014426945888535673
0.2823275862068966 -0.00014441386943325938
0.28304597701149425 -0.00014455856938822402
0.28376436781609193 -0.00014470356309966421
0.28448275862068967 -0.0001448488479633329
0.28520114942528735 -0.00014499442485711055
0.285919540229885 -0.0001451402959815378
0.28663793103448276 -0.00014528646090238335
0.28735632183908044 -0.00014543291918895038
0.2880747126436782 -0.00014557967305249564
0.28879310344827586 -0.00014572672338873045
0.28951149425287354 -0.00014587407297709615
0.29022988505747127 -0.0001460217208404151
0.29094827586206895 -0.00014616966600513516
0.2916666666666667 -0.00014631791126168715
0.29238505747126436 -0.00014646645143218665
0.29310344827586204 -0.0001466152935262173
0.2938218390804598 -0.00014676444455711976
0.29454022988505746 -0.00014691389935816727
0.2952586206896552 -0.00014706365885832143
0.2959770114942529 -0.0001472137278451561
0.29669540229885055 -0.00014736410340042666
0.2974137931034483 -0.00014751478260974167
0.29813218390804597 -0.00014766577027210977
0.29885057471264365 -0.00014781706733569156
0.2995689655172414 -0.0001479686749666248
0.30028735632183906 -0.0001481205939066793
0.3010057471264368 -0.00014827282490152048
0.3017241379310345 -0.00014842536912908677
0.30244252873563215 -0.00014857822366832216
0.3031609195402299 -0.00014873139337980227
0.30387931034482757 -0.00014888488312819433
0.3045977011494253 -0.00014903869000443078
0.305316091954023 -0.00014919281431733828
0.30603448275862066 -0.0001493472577298789
0.3067528735632184 -0.0001495020219090175
0.3074712643678161 -0.0001496571071759351
0.3081896551724138 -0.00014981251453090628
0.3089080459770115 -0.00014996824186111292
0.30962643678160917 -0.0001501242932924328
0.3103448275862069 -0.00015028067295485358
0.3110632183908046 -0.00015043737874823445
0.3117816091954023 -0.00015059440707568053
0.3125 -0.00015075176358089659
0.3132183908045977 -0.00015090945391195995
0.3139367816091954 -0.0001510674744848023
0.3146551724137931 -0.00015122582215601393
0.3153735632183908 -0.00015138450215038146
0.3160919540229885 -0.0001515435196970966
0.3168103448275862 -0.0001517028716658367
0.3175287356321839 -0.0001518625591126725
0.3182471264367816 -0.00015202257632392064
0.3189655172413793 -0.00015218293113879508
0.319683908045977 -0.00015234363140103176
0.3204022988505747 -0.0001525046714103957
0.32112068965517243 -0.0001526660453728068
0.3218390804597701 -0.00015282776124406598
0.3225574712643678 -0.00015298982698453326
0.3232758620689655 -0.00015315223681392384
0.3239942528735632 -0.00015331498721609925
0.32471264367816094 -0.00015347808390582288
0.3254310344827586 -0.00015364153260257507
0.3261494252873563 -0.00015380532980430788
0.32686781609195403 -0.00015396947662684558
0.3275862068965517 -0.00015413396902451862
0.32830459770114945 -0.0001542988132889281
0.3290229885057471 -0.00015446401571651863
0.3297413793103448 -0.00015462957227609152
0.33045977011494254 -0.00015479548362768274
0.3311781609195402 -0.00015496175139595228
0.3318965517241379 -0.0001551283772105677
0.33261494252873564 -0.00015529536174627699
0.3333333333333333 -0.0001554627061627763
0.33405172413793105 -0.0001556304053316834
0.33477011494252873 -0.0001557984667157035
0.3354885057471264 -0.00015596689778268422
0.33620689655172414 -0.00015613569341936973
0.3369252873563218 -0.00015630485306385465
0.33764367816091956 -0.0001564743796531248
0.33836206896551724 -0.00015664427612929873
0.3390804597701149 -0.0001568145419459894
0.33979885057471265 -0.0001569851783088315
0.34051724137931033 -0.0001571561845264713
0.34123563218390807 -0.0001573275637174544
0.34195402298850575 -0.0001574993190056009
0.3426724137931034 -0.0001576714497155025
0.34339080459770116 -0.00015784395707934968
0.34410919540229884 -0.0001580168441987762
0.3448275862068966 -0.00015819011045288862
0.34554597701149425 -0.00015836375522621478
0.34626436781609193 -0.00015853778163677518
0.34698275862068967 -0.00015871219094405105
0.34770114942528735 -0.00015888699500519186
0.348419540229885 -0.0001590621844988096
0.34913793103448276 -0.00015923775010915088
0.34985632183908044 -0.00015941370371013385
0.3505747126436782 -0.00015959003926899
0.35129310344827586 -0.00015976676539937833
0.35201149425287354 -0.00015994389072065615
0.35272988505747127 -0.00016012140921727318
0.35344827586206895 -0.0001602993221997907
0.3541666666666667 -0.00016047763098462606
0.35488505747126436 -0.00016065634450900535
0.35560344827586204 -0.00016083545648617364
0.3563218390804598 -0.00016101496063533014
0.35704022988505746 -0.00016119485759367476
0.3577586206896552 -0.00016137515702503765
0.3584770114942529 -0.00016155586859930332
0.35919540229885055 -0.00016173698535685242
0.3599137931034483 -0.0001619185086619527
0.36063218390804597 -0.00016210042969968597
0.36135057471264365 -0.00016228276003192227
0.3620689655172414 -0.0001624655112266321
0.36278735632183906 -0.00016264865504538953
0.3635057471264368 -0.00016283221232563972
0.3642241379310345 -0.00016301620391109635
0.36494252873563215 -0.0001632006117675326
0.3656609195402299 -0.000163385437309184
0.36637931034482757 -0.0001635706689448433
0.3670977011494253 -0.0001637563211136058
0.367816091954023 -0.00016394240826101585
0.36853448275862066 -0.00016412886869059842
0.3692528735632184 -0.00016431575397376716
0.3699712643678161 -0.00016450311568862324
0.3706896551724138 -0.00016469090517038192
0.3714080459770115 -0.0001648790973835639
0.37212643678160917 -0.00016506772030363585
0.3728448275862069 -0.0001652568019127135
0.3735632183908046 -0.0001654463171956465
0.3742816091954023 -0.00016563623235350052
0.375 -0.00016582658417946318
0.3757183908045977 -0.0001660174094737191
0.3764367816091954 -0.0001662086744580047
0.3771551724137931 -0.00016640035076635656
0.3778735632183908 -0.00016659246981463256
0.3785919540229885 -0.00016678506302578462
0.3793103448275862 -0.0001669781020549896
0.3800287356321839 -0.00016717158845202265
0.3807471264367816 -0.0001673654936432384
0.3814655172413793 -0.00016755984932346164
0.382183908045977 -0.00016775468719481862
0.3829022988505747 -0.00016794997870543893
0.38362068965517243 -0.00016814569923826044
0.3843390804597701 -0.0001683418765900812
0.3850574712643678 -0.00016853853856510707
0.3857758620689655 -0.0001687355669404205
0.3864942528735632 -0.00016893305696023047
0.38721264367816094 -0.00016913110387635098
0.3879310344827586 -0.00016932961569182843
0.3886494252873563 -0.0001695284927853167
0.38936781609195403 -0.0001697278380636639
0.3900862068965517 -0.0001699277544414249
0.3908045977011494 -0.0001701281423205943
0.3915229885057471 -0.00017032894923539555
0.3922413793103448 -0.00017053023099952545
0.39295977011494254 -0.000170732043434585
0.3936781609195402 -0.0001709343340986402
0.3943965517241379 -0.0001711369737649945
0.39511494252873564 -0.00017134009507219707
0.3958333333333333 -0.00017154383066702493
0.39655172413793105 -0.00017174805134713067
0.39727011494252873 -0.00017195262068951816
0.3979885057471264 -0.00017215767859450262
0.39870689655172414 -0.00017236336497062482
0.3994252873563218 -0.00017256954341995798
0.40014367816091956 -0.0001727760493002934
0.40086206896551724 -0.00017298305079813516
0.4015804597701149 -0.00017319071610861526
0.40229885057471265 -0.0001733985167149549
0.40301724137931033 -0.00017360681831944818
0.40373563218390807 -0.00017381598663304636
0.40445402298850575 -0.00017402565957518618
0.4051724137931034 -0.0001742354337917222
0.40589080459770116 -0.00017444571630235948
0.40660919540229884 -0.00017465691413581194
0.4073275862068965 -0.00017486862396457587
0.40804597701149425 -0.00017508027314628474
0.40876436781609193 -0.00017529243806044514
0.40948275862068967 -0.00017550569509573857
0.41020114942528735 -0.0001757187747444379
0.410919540229885 -0.00017593237579986487
0.41163793103448276 -0.00017614719706470337
0.41235632183908044 -0.00017636254356548326
0.4130747126436782 -0.00017657743569803237
0.41379310344827586 -0.00017679285693321555
0.41451149425287354 -0.0001770097907514654
0.41522988505747127 -0.00017722616019890782
0.41594827586206895 -0.00017744306462054568
0.4166666666666667 -0.00017766160337123722
0.41738505747126436 -0.00017788068105905802
0.41810344827586204 -0.00017809817202317567
0.4188218390804598 -0.00017831620592605922
0.41954022988505746 -0.00017853691244043224
0.4202586206896552 -0.0001787548246714052
0.4209770114942529 -0.00017897328591831834
0.42169540229885055 -0.0001791956394914143
0.4224137931034483 -0.00017941854618351387
0.42313218390804597 -0.0001796387534900099
0.42385057471264365 -0.00017985951805762687
0.4245689655172414 -0.00018008409654445248
0.42528735632183906 -0.00018030656360146357
0.4260057471264368 -0.00018052959421231444
0.4267241379310345 -0.00018075586337231006
0.42744252873563215 -0.00018098270033518036
0.4281609195402299 -0.0001812074513757803
0.42887931034482757 -0.0001814327745086208
0.4295977011494253 -0.00018166132776032068
0.430316091954023 -0.00018189045743956917
0.43103448275862066 -0.00018211471590923704
0.4317528735632184 -0.00018233955518106665
0.4324712643678161 -0.00018257042728132074
0.4331896551724138 -0.00018280188460945937
0.4339080459770115 -0.00018302653687124815
0.43462643678160917 -0.00018325177882250966
0.4353448275862069 -0.00018348500523615677
0.4360632183908046 -0.00018371882585803607
0.4367816091954023 -0.00018394680005722426
0.4375 -0.00018417537301744017
0.4382183908045977 -0.00018441098994048888
0.4389367816091954 -0.00018463714641195255
0.4396551724137931 -0.00018486390856521014
0.4403735632183908 -0.00018510134255763828
0.4410919540229885 -0.0001853393869211644
0.4418103448275862 -0.00018556707876624508
0.4425287356321839 -0.0001857953856914182
0.4432471264367816 -0.00018603527532389896
0.4439655172413793 -0.00018627578482725954
0.444683908045977 -0.00018650532059257468
0.4454022988505747 -0.000186735481031651
0.44612068965517243 -0.00018697786458986352
0.4468390804597701 -0.0001872208777169333
0.4475574712643678 -0.0001874507404680629
0.4482758620689655 -0.00018768123768315913
0.4489942528735632 -0.00018792615424476216
0.44971264367816094 -0.00018817171027651726
0.4504310344827586 -0.00018839929862136812
0.4511494252873563 -0.00018862753141637954
0.45186781609195403 -0.0001888750208604572
0.4525862068965517 -0.00018912315988471552
0.4533045977011494 -0.00018936016670150564
0.4540229885057471 -0.0001895978281977502
0.4547413793103448 -0.0001898479313097792
0.45545977011494254 -0.00019009869432632436
0.4561781609195402 -0.0001903295980661785
0.4568965517241379 -0.00019056116688340025
0.45761494252873564 -0.00019081392521728735
0.4583333333333333 -0.00019106735399993573
0.45905172413793105 -0.00019129127232953737
0.45977011494252873 -0.0001915158663380198
0.4604885057471264 -0.00019177132229799076
0.46120689655172414 -0.0001920274594767658
0.4619252873563218 -0.00019226097908476344
0.46264367816091956 -0.0001924951852684755
0.46336206896551724 -0.00019275338230379863
0.4640804597701149 -0.00019301227155999414
0.46479885057471265 -0.0001932441353752284
0.46551724137931033 -0.00019347669684511562
0.46623563218390807 -0.00019373767923644536
0.46695402298850575 -0.00019399936508879398
0.4676724137931034 -0.0001942386334553722
0.46839080459770116 -0.0001944786108478711
0.46910919540229884 -0.00019474242394012858
0.4698275862068965 -0.00019500695197832086
0.47054597701149425 -0.00019522873753747742
0.47126436781609193 -0.00019545124356329144
0.47198275862068967 -0.00019571793333295173
0.47270114942528735 -0.0001959853497848176
0.473419540229885 -0.0001962182120073754
0.47413793103448276 -0.0001964518065819865
0.47485632183908044 -0.00019672142040102748
0.4755747126436782 -0.00019699177289678828
0.47629310344827586 -0.0001972165917925918
0.47701149425287354 -0.0001974421550226544
0.47772988505747127 -0.00019771474097686758
0.47844827586206895 -0.00019798807786777396
0.4791666666666667 -0.0001981711399673842
0.47988505747126436 -0.00019835495819902051
0.48060344827586204 -0.00019863056453975377
0.4813218390804598 -0.00019890693434997822
0.48204022988505746 -0.0001991840708063648
0.48275862068965514 -0.00019944792972972577
0.4834770114942529 -0.0001997125615253285
0.48419540229885055 -0.0001999920167968625
0.4849137931034483 -0.0002002722515991836
0.48563218390804597 -0.00020051528835437463
0.48635057471264365 -0.00020075911067580596
0.4870689655172414 -0.00020104170271034272
0.48778735632183906 -0.0002013250874505817
0.4885057471264368 -0.0002015823250477447
0.4892241379310345 -0.00020184036165971322
0.48994252873563215 -0.00020212614385315176
0.4906609195402299 -0.00020241273222574023
0.49137931034482757 -0.00020258849630382417
0.4920977011494253 -0.00020276507158307065
0.492816091954023 -0.0002030540954079213
0.49353448275862066 -0.00020334393919248765
0.4942528735632184 -0.00020353737579179986
0.4949712643678161 -0.00020373163748403357
0.4956896551724138 -0.00020402395844225474
0.4964080459770115 -0.00020431711345649336
0.49712643678160917 -0.00020461110610134732
0.4978448275862069 -0.00020484079612186719
0.4985632183908046 -0.00020507132958063994
0.49928160919540227 -0.0002053678539638215
0.49999999999999994 -0.00020566523048165763
0.5007183908045977 -0.00020583236900824484
0.5014367816091954 -0.0002060003638672092
0.5021551724137931 -0.00020630031258359602
0.5028735632183908 -0.00020660112827540776
0.5035919540229885 -0.00020689356065852906
0.5043103448275862 -0.00020718686732452212
0.5050287356321839 -0.00020749030612896808
0.5057471264367817 -0.00020779462709643226
0.5064655172413793 -0.00020809983407916598
0.507183908045977 -0.00020837925265827922
0.5079022988505747 -0.00020865956431238565
0.5086206896551724 -0.0002089674512548048
0.50933908045977 -0.00020927623984780657
0.5100574712643678 -0.00020948775243662365
0.5107758620689655 -0.00020970017183958756
0.5114942528735632 -0.00021001168369054343
0.5122126436781609 -0.000210324113196914
0.5129310344827586 -0.00021063746441939485
0.5136494252873564 -0.0002109328429315809
0.514367816091954 -0.0002112291507845731
0.5150862068965517 -0.00021154529062212066
0.5158045977011494 -0.00021186236865890004
0.5165229885057471 -0.00021218038907735333
0.5172413793103449 -0.00021250729642639132
0.5179597701149425 -0.0002128351548360623
0.5186781609195402 -0.00021315602822196187
0.5193965517241379 -0.0002134778609688182
0.5201149425287356 -0.0002138155803180239
0.5208333333333334 -0.000214154268117348
0.521551724137931 -0.00021447900579459595
0.5222701149425287 -0.00021480472022300027
0.5229885057471264 -0.00021513141581534133
0.5237068965517241 -0.00021542697731463689
0.5244252873563219 -0.00021572352791595622
0.5251436781609196 -0.00021605319180969962
0.5258620689655172 -0.0002163838547880105
0.5265804597701149 -0.00021662510526661782
0.5272988505747126 -0.0002168673610747654
0.5280172413793104 -0.00021720104294802405
0.5287356321839081 -0.00021753574226490634
0.5294540229885057 -0.00021787146368567855
0.5301724137931034 -0.00021828147988778876
0.5308908045977011 -0.00021869252995029612
0.5316091954022989 -0.00021903135063018676
0.5323275862068966 -0.00021937121234146022
0.5330459770114943 -0.00021962571334139608
0.5337643678160919 -0.00021988126222373064
0.5344827586206896 -0.00022022427040053439
0.5352011494252874 -0.0002205683390061553
0.5359195402298851 -0.00022091347296520337
0.5366379310344828 -0.00022119915546287586
0.5373563218390804 -0.00022148591117867765
0.5380747126436781 -0.00022183426689987903
0.5387931034482758 -0.00022218370798048648
0.5395114942528736 -0.00022251405893799445
0.5402298850574713 -0.00022284550473124502
0.540948275862069 -0.00022319823106586037
0.5416666666666666 -0.0002235520632703529
0.5423850574712643 -0.0002239070065526795
0.5431034482758621 -0.00022428234763614415
0.5438218390804598 -0.00022465881099591135
0.5445402298850575 -0.00022501712045690936
0.5452586206896551 -0.00022537656215900146
0.5459770114942528 -0.00022566302960512494
0.5466954022988506 -0.00022595063739215025
0.5474137931034483 -0.00022631350283432687
0.548132183908046 -0.00022667752222089752
0.5488505747126436 -0.0002270427010646036
0.5495689655172413 -0.00022740904491286407
0.5502873563218391 -0.00022782642364414503
0.5510057471264368 -0.00022824498040445286
0.5517241379310345 -0.00022861485655339573
0.5524425287356322 -0.00022898592025532912
0.5531609195402298 -0.00022935728535790554
0.5538793103448276 -0.00022972984947380743
0.5545977011494253 -0.00023010451028475812
0.555316091954023 -0.0002304803817820831
0.5560344827586207 -0.00023082584658162738
0.5567528735632183 -0.00023117253271125816
0.5574712643678161 -0.00023155206938625563
0.5581896551724138 -0.0002319328404860625
0.5589080459770115 -0.00023231485204195163
0.5596264367816092 -0.0002326981101249469
0.5603448275862069 -0.00023311570945502464
0.5610632183908046 -0.00023353456877436862
0.5617816091954023 -0.0002339216056640536
0.5625 -0.000234309913763862
0.5632183908045977 -0.00023464236510422408
0.5639367816091954 -0.00023497609814734092
0.5646551724137931 -0.000235368253490962
0.5653735632183908 -0.0002357617053837695
0.5660919540229885 -0.00023615646026545846
0.5668103448275862 -0.00023656041493059907
0.5675287356321839 -0.00023696568588731844
0.5682471264367815 -0.00023736438939323537
0.5689655172413793 -0.00023776442207821893
0.569683908045977 -0.00023812028976765893
0.5704022988505747 -0.00023847749827257423
0.5711206896551724 -0.0002388815551706489
0.57183908045977 -0.00023928696814455713
0.5725574712643678 -0.00023966107858059332
0.5732758620689655 -0.00024003655754105003
0.5739942528735632 -0.0002404460774068061
0.5747126436781609 -0.00024085698097531003
0.5754310344827586 -0.00024126927527076347
0.5761494252873564 -0.00024167150997750342
0.576867816091954 -0.0002420751491488315
0.5775862068965517 -0.00024249165733988847
0.5783045977011494 -0.00024290958483341843
0.5790229885057471 -0.00024332893889580866
0.5797413793103449 -0.00024370740914453562
0.5804597701149425 -0.00024408731893791016
0.5811781609195402 -0.0002445109933905395
0.5818965517241379 -0.0002449361239769729
0.5826149425287356 -0.0002452892911884469
0.5833333333333334 -0.00024564392654567035
0.584051724137931 -0.0002460734646992692
0.5847701149425287 -0.00024650448937470323
0.5854885057471264 -0.0002469370083005877
0.5862068965517241 -0.00024730638454181395
0.5869252873563219 -0.0002476772678193681
0.5876436781609196 -0.0002481143107424153
0.5883620689655172 -0.00024855287937295084
0.5890804597701149 -0.00024895279784779075
0.5897988505747126 -0.0002493542562702695
0.5905172413793104 -0.00024979744661951856
0.5912356321839081 -0.0002502421950220976
0.5919540229885057 -0.0002506885097074383
0.5926724137931034 -0.00025113447906466123
0.5933908045977011 -0.00025158203124963827
0.5941091954022989 -0.0002520330945648594
0.5948275862068966 -0.0002524857576650933
0.5955459770114943 -0.0002529027663281458
0.5962643678160919 -0.00025332139015615574
0.5969827586206896 -0.00025377890054294286
0.5977011494252873 -0.00025423804517929515
0.5984195402298851 -0.0002546988328359871
0.5991379310344828 -0.00025506351105101697
0.5998563218390804 -0.00025542984529443465
0.6005747126436781 -0.00025589560582260043
0.6012931034482758 -0.0002563630450871333
0.6020114942528736 -0.0002566451717353979
0.6027298850574713 -0.00025692898559534716
0.603448275862069 -0.0002574014963323238
0.6041666666666666 -0.0002578757225640703
0.6048850574712643 -0.0002581781166588897
0.6056034482758621 -0.0002584822350930708
0.6063218390804598 -0.0002589616443487674
0.6070402298850575 -0.0002594428069380304
0.6077586206896551 -0.0002595353936547902
0.6084770114942528 -0.0002596297276376699
0.6091954022988506 -0.000260116157500307
0.6099137931034483 -0.00026060437965364674
0.610632183908046 -0.0002608105341661579
0.6113505747126436 -0.0002610184797515771
0.6120689655172413 -0.0002615120963270709
0.6127873563218391 -0.0002620075453134877
0.6135057471264368 -0.00026250483692886247
0.6142241379310345 -0.0002627461216527097
0.6149425287356322 -0.0002629892485340037
0.6156609195402298 -0.00026349208783284017
0.6163793103448276 -0.00026399681139583427
0.6170977011494253 -0.00026432160972743345
0.617816091954023 -0.00026464829759949933
0.6185344827586207 -0.00026515870587754206
0.6192528735632183 -0.0002656710413199191
0.6199712643678161 -0.0002655295901686245
0.6206896551724138 -0.0002653900227412123
0.6214080459770115 -0.0002659080748108363
0.6221264367816092 -0.00026642809824255166
0.6228448275862069 -0.0002664224451927702
0.6235632183908046 -0.0002664187248385317
0.6242816091954023 -0.0002669446077157053
0.625 -0.00026747250751345914
0.6257183908045977 -0.0002680024358462495
0.6264367816091954 -0.0002686723712518214
0.6271551724137931 -0.00026934437546385665
0.6278735632183908 -0.0002698804935356696
0.6285919540229885 -0.00027041868750707956
0.6293103448275862 -0.000270766330899756
0.6300287356321839 -0.00027111605085188787
0.6307471264367815 -0.00027166049816566287
0.6314655172413793 -0.00027220707021485715
0.632183908045977 -0.00027275577944953943
0.6329022988505747 -0.0002732697135433512
0.6336206896551724 -0.00027378580537859413
0.63433908045977 -0.00027434099257419073
0.6350574712643678 -0.0002748983677379869
0.6357758620689655 -0.0002751354951691672
0.6364942528735632 -0.00027537479445149075
0.6372126436781609 -0.00027593872737695135
0.6379310344827586 -0.0002765049006606045
0.6386494252873564 -0.00027707332766471494
0.639367816091954 -0.0002776445414160734
0.6400862068965517 -0.00027821803600393676
0.6408045977011494 -0.00027879330555538525
0.6415229885057471 -0.00027937088335320284
0.6422413793103449 -0.00027962768828264725
0.6429597701149425 -0.00027978440985271827
0.6436781609195402 -0.00028026651672272493
0.6443965517241379 -0.0002808533476330232
0.6451149425287356 -0.00028144255742315626
0.6458333333333334 -0.00028189614292170844
0.646551724137931 -0.0002823521158185276
0.6472701149425287 -0.0002829485084703768
0.6479885057471264 -0.00028354733861020757
0.6487068965517241 -0.00028414862119307963
0.6494252873563219 -0.0002848411183024775
0.6501436781609196 -0.00028553611141414703
0.6508620689655172 -0.00028614486885113086
0.6515804597701149 -0.0002867561397940759
0.6522988505747126 -0.00028700421793576296
0.6530172413793104 -0.0002872547847218588
0.6537356321839081 -0.0002878735778670944
0.6544540229885057 -0.0002884949475937338
0.6551724137931034 -0.00028911605460271283
0.6558908045977011 -0.0002896348256062244
0.6566091954022989 -0.0002901590600469169
0.6573275862068966 -0.00029079086396012287
0.6580459770114943 -0.0002914253263282893
0.6587643678160919 -0.00029205990658162407
0.6594827586206896 -0.00029269717860045346
0.6602011494252873 -0.00029333971682117007
0.6609195402298851 -0.00029398498151767785
0.6616379310344828 -0.0002946329900570784
0.6623563218390804 -0.0002956008880270185
0.6630747126436781 -0.00029657161495121243
0.6637931034482758 -0.00029722806058348535
0.6645114942528736 -0.00029788732104457546
0.6652298850574713 -0.00029850591252981453
0.665948275862069 -0.0002987474013032881
0.6666666666666666 -0.0002990351943455952
0.6673850574712643 -0.00029970576224890613
0.6681034482758621 -0.0003003792371352184
0.6688218390804598 -0.0003009631497536328
0.6695402298850575 -0.00030154999198567966
0.6702586206896551 -0.0003022322712466846
0.6709770114942528 -0.00030291753415133567
0.6716954022988506 -0.00030360580028726363
0.6724137931034483 -0.00030415812569443014
0.673132183908046 -0.00030471347047450074
0.6738505747126436 -0.00030541081844972097
0.6745689655172413 -0.0003061112497310573
0.6752873563218391 -0.00030639327401965193
0.6760057471264368 -0.0003066783479925454
0.6767241379310345 -0.00030738800322511827
0.6774425287356322 -0.00030810082468426896
0.6781609195402298 -0.0003085617408425936
0.6788793103448276 -0.00030880714575214324
0.6795977011494253 -0.00030931078387190416
0.680316091954023 -0.000310036304297477
0.6810344827586207 -0.0003107650988369497
0.6817528735632183 -0.00031163159531900886
0.6824712643678161 -0.000312501436617272
0.6831896551724138 -0.00031324023966239426
0.6839080459770115 -0.00031398240674636297
0.6846264367816092 -0.00031472796086020184
0.6853448275862069 -0.0003154494542590841
0.6860632183908046 -0.00031617437599409416
0.6867816091954023 -0.0003169302206366439
0.6875 -0.0003176895463922037
0.6882183908045977 -0.00031770685063733505
0.6889367816091954 -0.000317727532267883
0.6896551724137931 -0.0003184971424381455
0.6903735632183908 -0.0003192703312320416
0.6910919540229885 -0.0003200471236190153
0.6918103448275862 -0.0003206912925856831
0.6925287356321839 -0.00032133908631008285
0.6932471264367815 -0.0003221267826755299
0.6939655172413793 -0.0003229181848491094
0.694683908045977 -0.000323071187277637
0.6954022988505747 -0.00032322780217767063
0.6961206896551724 -0.00032403018787139205
0.69683908045977 -0.00032483638541181537
0.6975574712643678 -0.00032559341913569495
0.6982758620689655 -0.00032620032761816883
0.6989942528735632 -0.00032686408355423277
0.6997126436781609 -0.00032768570372714587
0.7004310344827586 -0.00032851127416047094
0.7011494252873564 -0.0003288127878372659
0.701867816091954 -0.0003291181773139155
0.7025862068965517 -0.0003299555070928449
0.7033045977011494 -0.00033079690265863345
0.7040229885057471 -0.00033010066018090224
0.7047413793103449 -0.0003294081139579459
0.7054597701149425 -0.0003302610274402107
0.7061781609195402 -0.00033111812653238975
0.7068965517241379 -0.00033117575071135486
0.7076149425287356 -0.00033123737242774474
0.7083333333333334 -0.00033210671426297416
0.709051724137931 -0.0003329803664383495
0.7097701149425287 -0.0003338583609702267
0.7104885057471264 -0.0003342282436569736
0.7112068965517241 -0.0003346023648217719
0.7119252873563219 -0.00033549324389717787
0.7126436781609196 -0.0003363885964435783
0.7133620689655172 -0.00033673758727917254
0.7140804597701149 -0.0003370909294491799
0.7147988505747126 -0.0003379995260085654
0.7155172413793104 -0.0003389127324686191
0.7162356321839081 -0.0003398305838525953
0.7169540229885057 -0.0003403411485736016
0.7176724137931034 -0.0003408562817913097
0.7183908045977011 -0.00034178798649652864
0.7191091954022989 -0.0003427244796614212
0.7198275862068966 -0.00034300524505369073
0.7205459770114943 -0.00034329062640171414
0.7212643678160919 -0.0003442412142558545
0.7219827586206896 -0.00034519673997451534
0.7227011494252873 -0.00034615724194928996
0.7234195402298851 -0.0003465377673086893
0.7241379310344828 -0.0003469231182184604
0.7248563218390804 -0.00034789832581109964
0.7255747126436781 -0.0003488786670009437
0.7262931034482758 -0.00034983567477186176
0.7270114942528736 -0.00035079415740268337
0.7277298850574713 -0.00035178639078937654
0.728448275862069 -0.00035278764924302075
0.7291666666666666 -0.00035379424778677856
0.7298850574712643 -0.0003537545103201504
0.7306034482758621 -0.0003537197619220068
0.7313218390804598 -0.00035474176458466023
0.7320402298850575 -0.0003557692800428184
0.7327586206896551 -0.00035580637803731663
0.7334770114942528 -0.0003558486360292889
0.7341954022988506 -0.000356892073908649
0.7349137931034483 -0.0003579412048160138
0.735632183908046 -0.0003566989992569497
0.7363505747126436 -0.00035546145424598713
0.7370689655172413 -0.00035652569234055685
0.7377873563218391 -0.00035759581061575084
0.7385057471264368 -0.00035864663540413876
0.7392241379310345 -0.00035881410502349955
0.7399425287356322 -0.0003590123344867981
0.7406609195402298 -0.000360105484245855
0.7413793103448276 -0.0003612047613260677
0.7420977011494253 -0.00036239330979979305
0.742816091954023 -0.00036358948197595247
0.7435344827586207 -0.0003647088903880887
0.7442528735632183 -0.0003658332875762705
0.7449712643678161 -0.0003654862650916877
0.7456896551724138 -0.0003639545516911081
0.7464080459770115 -0.0003639055869499956
0.7471264367816092 -0.0003650527503676064
0.7478448275862069 -0.00036620652098712675
0.7485632183908046 -0.0003658145942099214
0.7492816091954023 -0.0003654283898368948
0.75 -0.000366600326210477
0.7507183908045977 -0.0003677790985914326
0.7514367816091954 -0.00036720616522016575
0.752155172413793 -0.00036663897334476435
0.7528735632183908 -0.00036783618355993913
0.7535919540229885 -0.00036904046884896606
0.7543103448275862 -0.0003702518913761403
0.7550287356321839 -0.00037245080731397844
0.7557471264367815 -0.0003746576755241176
0.7564655172413793 -0.0003758922678365849
0.757183908045977 -0.00037713425489675984
0.7579022988505747 -0.0003779597151855729
0.7586206896551724 -0.0003782487931710224
0.75933908045977 -0.00037896877269368365
0.7600574712643678 -0.00038023964358499697
0.7607758620689655 -0.00037788830602450267
0.7614942528735632 -0.00037410532374721064
0.7622126436781609 -0.00037395615686537366
0.7629310344827586 -0.00037525037853814634
0.7636494252873564 -0.0003765526065937165
0.764367816091954 -0.00037728792319784523
0.7650862068965517 -0.00037803089480744245
0.7658045977011494 -0.00037935658723477845
0.7665229885057471 -0.00038069058382554383
0.7672413793103449 -0.0003803695536606801
0.7679597701149425 -0.00037966576699010126
0.7686781609195402 -0.0003806320642461756
0.7693965517241379 -0.0003819963306763829
0.7701149425287356 -0.00037614771042123986
0.7708333333333334 -0.000370300381010123
0.771551724137931 -0.00037167599468842204
0.7722701149425287 -0.00037306052830258276
0.7729885057471264 -0.0003744540669485032
0.7737068965517241 -0.00037835762472056587
0.7744252873563219 -0.00038227312528436646
0.7751436781609196 -0.0003836997337040763
0.7758620689655172 -0.00038513570771534444
0.7765804597701149 -0.0003865811380177149
0.7772988505747126 -0.00038853017755213266
0.7780172413793104 -0.000390489385274467
0.7787356321839081 -0.00039196479522949344
0.7794540229885057 -0.00039345003786751814
0.7801724137931034 -0.00038801318071109364
0.7808908045977011 -0.000382578321995015
0.7816091954022988 -0.0003840775762711677
0.7823275862068966 -0.0003855870299296936
0.7830459770114943 -0.000379064819918013
0.7837643678160919 -0.0003725420019005907
0.7844827586206896 -0.00037406062276311365
0.7852011494252873 -0.0003755898133674019
0.7859195402298851 -0.00037571553313863295
0.7866379310344828 -0.0003756051690939126
0.7873563218390804 -0.00037691734142733757
0.7880747126436781 -0.00037848487795974863
0.7887931034482758 -0.0003742396922613036
0.7895114942528736 -0.0003673103453128137
0.7902298850574713 -0.00036620206449492523
0.790948275862069 -0.00036778648644503165
0.7916666666666666 -0.00036268502094275487
0.7923850574712643 -0.00035347786373372554
0.7931034482758621 -0.0003509589712895296
0.7938218390804598 -0.00035254833263363824
0.7945402298850575 -0.00035401106979428433
0.7952586206896551 -0.00034776693231066953
0.7959770114942528 -0.00034165615669569545
0.7966954022988506 -0.00034325919487237697
0.7974137931034483 -0.00034487452017914277
0.798132183908046 -0.00034264490364619923
0.7988505747126436 -0.0003404186916147782
0.7995689655172413 -0.0003420533530901809
0.8002873563218391 -0.00034370078555195915
0.8010057471264368 -0.0003387539265580075
0.8017241379310345 -0.0003321354444845475
0.8024425287356322 -0.0003321161694084663
0.8031609195402298 -0.00033377364393774833
0.8038793103448276 -0.0003354444573282262
0.8045977011494253 -0.00033207242399015753
0.805316091954023 -0.0003287000956141609
0.8060344827586207 -0.000330383908522955
0.8067528735632183 -0.00033208156606152157
0.8074712643678161 -0.00033285428264113646
0.8081896551724138 -0.0003331417217556197
0.8089080459770115 -0.0003343783164279417
0.8096264367816092 -0.00033612471656794196
0.8103448275862069 -0.0003378857537448916
0.8110632183908046 -0.00032988183962524007
0.8117816091954023 -0.00032186317630835467
0.8125 -0.0003236095678216242
0.8132183908045977 -0.00032537103239103004
0.8139367816091954 -0.0003216679647613058
0.814655172413793 -0.0003179624008538423
0.8153735632183908 -0.000319734228425935
0.8160919540229885 -0.00032152169935240613
0.8168103448275862 -0.0003233250067900549
0.8175287356321839 -0.00032146039234912853
0.8182471264367815 -0.0003195993767632795
0.8189655172413793 -0.00032142605223396323
0.819683908045977 -0.0003232692378512101
0.8204022988505747 -0.00032016287829473677
0.8211206896551724 -0.0003170556985209496
0.82183908045977 -0.0003189140822262802
0.8225574712643678 -0.000320789639126071
0.8232758620689655 -0.0003032371286317761
0.8239942528735632 -0.00028562559633686077
0.8247126436781609 -0.00028740027786092816
0.8254310344827586 -0.00028919212658091255
0.8261494252873564 -0.0002910013716321541
0.826867816091954 -0.00028858572861508916
0.8275862068965517 -0.0002861696390230655
0.8283045977011494 -0.00028799574270955486
0.8290229885057471 -0.0002898399608306673
0.8297413793103449 -0.0002827480006623234
0.8304597701149425 -0.0002756340066184438
0.8311781609195402 -0.0002774524980255492
0.8318965517241379 -0.0002792895634502859
0.8326149425287356 -0.0002811454634464763
0.8333333333333334 -0.00028887760015107786
0.834051724137931 -0.00029665626990766606
0.8347701149425287 -0.00029862480019585835
0.8354885057471264 -0.00030061363586659926
0.8362068965517241 -0.00027799435482863733
0.8369252873563219 -0.00025527425508944023
0.8376436781609196 -0.000257081440866028
0.8383620689655172 -0.0002589082980596853
0.8390804597701149 -0.00025273138624749413
0.8397988505747126 -0.0002403281868126671
0.8405172413793104 -0.00023589000087094995
0.8412356321839081 -0.0002376392914554971
0.8419540229885057 -0.00023940843885290755
0.8426724137931034 -0.0002301229733896555
0.8433908045977011 -0.00022079178615566652
0.8441091954022988 -0.00022248937659392586
0.8448275862068966 -0.00022420688856700572
0.8455459770114943 -0.0002178492048465179
0.8462643678160919 -0.00020986208240817705
0.8469827586206896 -0.00020992926535037956
0.8477011494252873 -0.00021160506290353315
0.8484195402298851 -0.00021330123732450268
0.8491379310344828 -0.00021051710962306702
0.8498563218390804 -0.00020772410865504452
0.8505747126436781 -0.00020942329890925922
0.8512931034482758 -0.00021114364738745455
0.8520114942528736 -0.00020564922826697414
0.8527298850574713 -0.00019701437156698534
0.853448275862069 -0.00019556554456764334
0.8541666666666666 -0.00019722840010534336
0.8548850574712643 -0.0001989127413468159
0.8556034482758621 -0.0002100904433521272
0.8563218390804598 -0.00022135752469679728
0.8570402298850575 -0.0002232435934520069
0.8577586206896551 -0.00022515414142519296
0.8584770114942528 -0.0002270895987210001
0.8591954022988506 -0.00022899541359713233
0.8599137931034483 -0.00023092663772748224
0.860632183908046 -0.00023293871805548283
0.8613505747126436 -0.00023497751829120575
0.8620689655172413 -0.000237043519045991
0.8627873563218391 -0.0002582831280043001
0.8635057471264368 -0.00027968379388479284
0.8642241379310345 -0.0002821015035363142
0.8649425287356322 -0.00028455124539667056
0.8656609195402298 -0.0002870335972889791
0.8663793103448276 -0.00030638188253729524
0.8670977011494253 -0.0003460022058517105
0.867816091954023 -0.00036905734742925865
0.8685344827586207 -0.00037214465166630006
0.8692528735632183 -0.0003752721122958475
0.8699712643678161 -0.0003793814944465004
0.8706896551724138 -0.00040272547477723477
0.8714080459770115 -0.0004252829833359024
0.8721264367816092 -0.00042880379311959984
0.8728448275862069 -0.0004323704245292892
0.8735632183908046 -0.00041668556256238716
0.8742816091954023 -0.00040093978585223664
0.875 -0.0004044311911081822
0.8757183908045977 -0.0004079700111438022
0.8764367816091954 -0.00040225169088068665
0.877155172413793 -0.0003957082681479189
0.8778735632183908 -0.0003984581601444761
0.8785919540229885 -0.0004020706239469812
0.8793103448275862 -0.00040573402111057026
0.8800287356321839 -0.00041213494149995426
0.8807471264367815 -0.00041860572627060134
0.8814655172413793 -0.0004224619772038486
0.882183908045977 -0.00042637359803822204
0.8829022988505747 -0.0004272290274551349
0.8836206896551724 -0.0004215294247362624
0.88433908045977 -0.00041893801289949744
0.8850574712643678 -0.00042295532631803935
0.8857758620689655 -0.00042703254726206356
0.8864942528735632 -0.00043075898708392105
0.8872126436781609 -0.00043454505829580145
0.8879310344827586 -0.0004388039519890126
0.8886494252873564 -0.00044312782522605413
0.889367816091954 -0.0004475180465563898
0.8900862068965517 -0.000452095880201388
0.8908045977011494 -0.0004567437330283456
0.8915229885057471 -0.00046134323892720356
0.8922413793103449 -0.0004660149687746084
0.8929597701149425 -0.0004584194370695933
0.8936781609195402 -0.000450384327501009
0.8943965517241379 -0.00045467542358714255
0.8951149425287356 -0.00045946736818755274
0.8958333333333334 -0.00046433783748120396
0.896551724137931 -0.0004687121514291553
0.8972701149425287 -0.0004731642985228924
0.8979885057471264 -0.00047827256514417567
0.8987068965517241 -0.0004834666756442271
0.8994252873563219 -0.0004887486214816106
0.9001436781609196 -0.0004958278050122246
0.9008620689655172 -0.0005030119158904654
0.9015804597701149 -0.0005085959272544392
0.9022988505747126 -0.000514276655545164
0.9030172413793104 -0.0005049222894267673
0.9037356321839081 -0.0004955501498431518
0.9044540229885057 -0.0005012954145538962
0.9051724137931034 -0.0005071442557036709
0.9058908045977011 -0.0005130992490633659
0.9066091954022988 -0.0005190540926540122
0.9073275862068966 -0.0005251195914696462
0.9080459770114943 -0.000531407528296382
0.9087643678160919 -0.0005378127575664963
0.9094827586206896 -0.0005103663909714227
0.9102011494252873 -0.00048274199275526305
0.9109195402298851 -0.0004889106675105734
0.9116379310344828 -0.0004952012045968109
0.9123563218390804 -0.0005016169085378566
0.9130747126436781 -0.0005104779203123325
0.9137931034482758 -0.0005194931661804466
0.9145114942528736 -0.0005263499077955587
0.9152298850574713 -0.000533346878457203
0.915948275862069 -0.0005158133166051682
0.9166666666666666 -0.0004981802394625614
0.9173850574712643 -0.0005051228373274074
0.9181034482758621 -0.0005122147442611901
0.9188218390804598 -0.0004652594361453115
0.9195402298850575 -0.0004178459574108193
0.9202586206896551 -0.00042416938245807526
0.9209770114942528 -0.00043063932160942466
0.9216954022988506 -0.0004372603943000271
0.9224137931034483 -0.00044653081500887847
0.923132183908046 -0.00045599329862949626
0.9238505747126436 -0.0004631602269250777
0.9245689655172413 -0.00047049990576808644
0.9252873563218391 -0.0004286907271679279
0.9260057471264368 -0.00038640181636862144
0.9267241379310345 -0.0003929531071346872
0.9274425287356322 -0.0003996739320349261
0.9281609195402298 -0.0004049266647051645
0.9288793103448276 -0.00040156183675242054
0.9295977011494253 -0.0003998739438105761
0.930316091954023 -0.0004070219974102847
0.9310344827586207 -0.0004143651121850111
0.9317528735632183 -0.00038997057455941454
0.9324712643678161 -0.00036527830114479294
0.9331896551724138 -0.0003722239534557858
0.9339080459770115 -0.0003793708898318273
0.9346264367816092 -0.00032394213830040636
0.9353448275862069 -0.00026761386395432734
0.9360632183908045 -0.00027314955644570883
0.9367816091954023 -0.00027885931423487934
0.9375 -0.00027733996714180667
0.9382183908045977 -0.00023214753726493752
0.9389367816091954 -0.0001935206169255871
0.939655172413793 -0.00019788751423759066
0.9403735632183908 -0.0002024041063486435
0.9410919540229885 -0.0001918098109415505
0.9418103448275862 -0.0001810403677551799
0.9425287356321839 -0.00018535963604986277
0.9432471264367815 -0.00018983550692001948
0.9439655172413793 -0.00019054872093967267
0.944683908045977 -0.00015080225349930302
0.9454022988505747 -0.00011407643928830606
0.9461206896551724 -0.0001170453585539958
0.94683908045977 -0.00012013175171959441
0.9475574712643678 -0.00012482168557833719
0.9482758620689655 -0.00019561778824474935
0.9489942528735632 -0.0002668083120578037
0.9497126436781609 -0.0002739729726983363
0.9504310344827586 -0.0002814306759719826
0.9511494252873564 -0.00027072109319310804
0.951867816091954 -0.0002598516602189059
0.9525862068965517 -0.0002672980790021755
0.9533045977011494 -0.00027506972312054344
0.9540229885057471 -0.00028318584130064
0.9547413793103449 -0.00029919482320488606
0.9554597701149425 -0.00031580490688247877
0.9561781609195402 -0.0003255216310810795
0.9568965517241379 -0.0003356946974685412
0.9576149425287356 -0.0003450303520945416
0.9583333333333334 -0.0003501627965277079
0.959051724137931 -0.0003569846256810272
0.9597701149425287 -0.000368921415829395
0.9604885057471264 -0.0003814683959305506
0.9612068965517241 -0.0003186790895990159
0.9619252873563219 -0.0002540276848017385
0.9626436781609196 -0.00026342166877444415
0.9633620689655172 -0.0002733470520674032
0.9640804597701149 -0.00018994277059896294
0.9647988505747126 -0.00010351325598357496
0.9655172413793103 -0.0001077936517874873
0.9662356321839081 -0.00011234520417129426
0.9669540229885057 -0.00011719131503540367
0.9676724137931034 -4.878764542360817e-05
0.9683908045977011 2.2631863565799877e-05
0.9691091954022988 2.3700987959306622e-05
0.9698275862068966 2.4847710731320044e-05
0.9705459770114943 3.2545028916962e-05
0.9712643678160919 4.3757842784494016e-05
0.9719827586206896 4.913502907220857e-05
0.9727011494252873 5.177458723870019e-05
0.9734195402298851 5.4632745034134445e-05
0.9741379310344828 4.9687080512934285e-05
0.9748563218390804 4.4533791432373266e-05
0.9755747126436781 4.7208695522907645e-05
0.9762931034482758 5.0132104322590545e-05
0.9770114942528736 0.00014307651239790008
0.9777298850574713 0.00031758703433691616
0.978448275862069 0.0004151099582134092
0.9791666666666666 0.00044558656377206667
0.9798850574712643 0.0004795506021285771
0.9806034482758621 0.0005175558151616409
0.9813218390804598 5.353288550517853e-05
0.9820402298850575 -0.0004477895879390369
0.9827586206896551 -0.0004843625937807413
0.9834770114942528 -0.000525611502534499
0.9841954022988506 -0.0004634901653894142
0.9849137931034483 -0.0003230950819531058
0.985632183908046 -0.0002804504788781705
0.9863505747126436 -0.0003101742251607373
0.9870689655172413 -0.0003448912539276148
0.9877873563218391 -2.254391590948298e-05
0.9885057471264368 0.0003401779084082303
0.9892241379310345 0.0003881859654137934
0.9899425287356322 0.000447140386677252
0.9906609195402298 0.0005685415896112574
0.9913793103448276 0.0007297647556738449
0.9920977011494253 0.0008851553041355091
0.992816091954023 0.001079830218200396
0.9935344827586207 0.001346880139588408
0.9942528735632183 0.001100713950276051
0.9949712643678161 0.0007555448579179802
0.9956896551724138 0.0009767344116065034
0.9964080459770115 0.00143176413739799
0.9971264367816092 0.002306413634841269
0.9978448275862069 0.002683852086258635
0.9985632183908045 0.001238418252356508
0.9992816091954023 0.0
