2 20000 400000.0
3 30000 640000.0
4 40000 880000.0
5 50000 880000.0
6 60000 880000.0
7 70000 880000.0
8 80000 880000.0
9 90000 1120000.0
10 100000 1120000.0
11 110000 1120000.0
12 120000 1120000.0
13 130000 1120000.0
14 140000 1120000.0
15 150000 1120000.0
16 160000 1120000.0
17 170000 1120000.0
18 180000 1120000.0
19 190000 1120000.0
20 200000 1120000.0
21 210000 1120000.0
22 220000 1360000.0
23 230000 1360000.0
24 240000 1360000.0
25 250000 1360000.0
26 260000 1360000.0
27 270000 1360000.0
28 280000 1360000.0
29 290000 1360000.0
30 300000 1360000.0
31 310000 1360000.0
32 320000 1360000.0
33 330000 1360000.0
34 340000 1360000.0
35 350000 1360000.0
36 360000 1360000.0
37 370000 1360000.0
38 380000 1360000.0
39 390000 1360000.0
40 400000 1360000.0
41 410000 1360000.0
42 420000 1360000.0
43 430000 1360000.0
44 440000 1360000.0
45 450000 1360000.0
46 460000 1360000.0
47 470000 1360000.0
48 480000 1360000.0
49 490000 1360000.0
50 500000 1360000.0
51 510000 1360000.0
52 520000 1360000.0
53 530000 1360000.0
54 540000 1360000.0
55 550000 1360000.0
56 560000 1600000.0
57 570000 1600000.0
58 580000 1600000.0
59 590000 1600000.0
60 600000 1600000.0
61 610000 1600000.0
62 620000 1600000.0
63 630000 1600000.0
64 640000 1600000.0
65 650000 1600000.0
66 660000 1600000.0
67 670000 1600000.0
68 680000 1600000.0
69 690000 1600000.0
70 700000 1600000.0
71 710000 1600000.0
72 720000 1600000.0
73 730000 1600000.0
74 740000 1600000.0
75 750000 1600000.0
76 760000 1600000.0
77 770000 1600000.0
78 780000 1600000.0
79 790000 1600000.0
80 800000 1600000.0
81 810000 1600000.0
82 820000 1600000.0
83 830000 1600000.0
84 840000 1600000.0
85 850000 1600000.0
86 860000 1600000.0
87 870000 1600000.0
88 880000 1600000.0
89 890000 1600000.0
90 900000 1600000.0
91 910000 1600000.0
92 920000 1600000.0
93 930000 1600000.0
94 940000 1600000.0
95 950000 1600000.0
96 960000 1600000.0
97 970000 1600000.0
98 980000 1600000.0
99 990000 1600000.0
100 1000000 1600000.0
101 1010000 1600000.0
102 1020000 1600000.0
103 1030000 1600000.0
104 1040000 1600000.0
105 1050000 1600000.0
106 1060000 1600000.0
107 1070000 1600000.0
108 1080000 1600000.0
109 1090000 1600000.0
110 1100000 1600000.0
111 1110000 1600000.0
112 1120000 1600000.0
113 1130000 1600000.0
114 1140000 1600000.0
115 1150000 1600000.0
116 1160000 1600000.0
117 1170000 1600000.0
118 1180000 1600000.0
119 1190000 1600000.0
120 1200000 1600000.0
121 1210000 1600000.0
122 1220000 1600000.0
123 1230000 1600000.0
124 1240000 1600000.0
125 1250000 1600000.0
126 1260000 1600000.0
127 1270000 1600000.0
128 1280000 1600000.0
129 1290000 1600000.0
130 1300000 1600000.0
131 1310000 1600000.0
132 1320000 1600000.0
133 1330000 1600000.0
134 1340000 1600000.0
135 1350000 1600000.0
136 1360000 1600000.0
137 1370000 1600000.0
138 1380000 1600000.0
139 1390000 1600000.0
140 1400000 1600000.0
141 1410000 1600000.0
142 1420000 1600000.0
143 1430000 1600000.0
144 1440000 1600000.0
145 1450000 1600000.0
146 1460000 1600000.0
147 1470000 1600000.0
148 1480000 1600000.0
149 1490000 1600000.0
150 1500000 1840000.0
151 1510000 1840000.0
152 1520000 1840000.0
153 1530000 1840000.0
154 1540000 1840000.0
155 1550000 1840000.0
156 1560000 1840000.0
157 1570000 1840000.0
158 1580000 1840000.0
159 1590000 1840000.0
160 1600000 1840000.0
161 1610000 1840000.0
162 1620000 1840000.0
163 1630000 1840000.0
164 1640000 1840000.0
165 1650000 1840000.0
166 1660000 1840000.0
167 1670000 1840000.0
168 1680000 1840000.0
169 1690000 1840000.0
170 1700000 1840000.0
171 1710000 1840000.0
172 1720000 1840000.0
173 1730000 1840000.0
174 1740000 1840000.0
175 1750000 1840000.0
176 1760000 1840000.0
177 1770000 1840000.0
178 1780000 1840000.0
179 1790000 1840000.0
180 1800000 1840000.0
181 1810000 1840000.0
182 1820000 1840000.0
183 1830000 1840000.0
184 1840000 1840000.0
185 1850000 1840000.0
186 1860000 1840000.0
187 1870000 1840000.0
188 1880000 1840000.0
189 1890000 1840000.0
190 1900000 1840000.0
191 1910000 1840000.0
192 1920000 1840000.0
193 1930000 1840000.0
194 1940000 1840000.0
195 1950000 1840000.0
196 1960000 1840000.0
197 1970000 1840000.0
198 1980000 1840000.0
199 1990000 1840000.0
200 2000000 1840000.0
201 2010000 1840000.0
202 2020000 1840000.0
203 2030000 1840000.0
204 2040000 1840000.0
205 2050000 1840000.0
206 2060000 1840000.0
207 2070000 1840000.0
208 2080000 1840000.0
209 2090000 1840000.0
210 2100000 1840000.0
211 2110000 1840000.0
212 2120000 1840000.0
213 2130000 1840000.0
214 2140000 1840000.0
215 2150000 1840000.0
216 2160000 1840000.0
217 2170000 1840000.0
218 2180000 1840000.0
219 2190000 1840000.0
220 2200000 1840000.0
221 2210000 1840000.0
222 2220000 1840000.0
223 2230000 1840000.0
224 2240000 1840000.0
225 2250000 1840000.0
226 2260000 1840000.0
227 2270000 1840000.0
228 2280000 1840000.0
229 2290000 1840000.0
230 2300000 1840000.0
231 2310000 1840000.0
232 2320000 1840000.0
233 2330000 1840000.0
234 2340000 1840000.0
235 2350000 1840000.0
236 2360000 1840000.0
237 2370000 1840000.0
238 2380000 1840000.0
239 2390000 1840000.0
240 2400000 1840000.0
241 2410000 1840000.0
242 2420000 1840000.0
243 2430000 1840000.0
244 2440000 1840000.0
245 2450000 1840000.0
246 2460000 1840000.0
247 2470000 1840000.0
248 2480000 1840000.0
249 2490000 1840000.0
