3.759788971935753e-16 0.025238006608276034 0.18703171210820457
3.759788971935753e-16 0.02525615039447896 0.18703171210820457
7.519577943871506e-16 0.025274320286849093 0.18703171210820466
1.127936691580726e-15 0.025292516341771234 0.18703171210820468
1.5039155887743013e-15 0.02531073861579268 0.18703171210820477
1.8798944859678766e-15 0.02532898716562382 0.18703171210820485
2.255873383161452e-15 0.0253472620481387 0.1870317121082049
2.631852280355027e-15 0.02536556332037562 0.187031712108205
3.0078311775486025e-15 0.025383891039537747 0.18703171210820507
3.383810074742178e-15 0.02540224526299367 0.1870317121082051
3.759788971935753e-15 0.025420626048278033 0.18703171210820518
4.135767869129329e-15 0.025439033453092133 0.18703171210820527
4.511746766322904e-15 0.02545746753530452 0.18703171210820535
4.8877256635164795e-15 0.02547592835295159 0.1870317121082054
5.263704560710054e-15 0.0254944159642382 0.1870317121082055
5.63968345790363e-15 0.025512930427538303 0.18703171210820557
6.015662355097205e-15 0.025531471801395523 0.1870317121082056
6.391641252290781e-15 0.02555004014452381 0.18703171210820568
6.767620149484356e-15 0.025568635515808038 0.18703171210820577
7.14359904667793e-15 0.025587257974304622 0.18703171210820582
7.519577943871506e-15 0.02560590757924216 0.1870317121082059
7.895556841065082e-15 0.025624584390022055 0.187031712108206
8.271535738258658e-15 0.02564328846621915 0.18703171210820607
8.647514635452232e-15 0.025662019867582354 0.1870317121082061
9.023493532645808e-15 0.025680778654035265 0.18703171210820618
9.399472429839383e-15 0.02569956488567684 0.18703171210820627
9.775451327032959e-15 0.02571837862278202 0.18703171210820632
1.0151430224226533e-14 0.02573721992580237 0.1870317121082064
1.0527409121420109e-14 0.025756088855366743 0.1870317121082065
1.0903388018613684e-14 0.025774985472281912 0.18703171210820652
1.127936691580726e-14 0.025793909837533213 0.1870317121082066
1.1655345813000834e-14 0.025812862012285262 0.18703171210820668
1.203132471019441e-14 0.025831842057882526 0.18703171210820674
1.2407303607387986e-14 0.025850850035850064 0.18703171210820682
1.2783282504581561e-14 0.025869886007894142 0.1870317121082069
1.3159261401775136e-14 0.025888950035902903 0.187031712108207
1.3535240298968711e-14 0.02590804218194708 0.18703171210820702
1.3911219196162287e-14 0.025927162508280623 0.1870317121082071
1.428719809335586e-14 0.025946311077341386 0.18703171210820718
1.4663176990549437e-14 0.02596548795175184 0.18703171210820724
1.5039155887743013e-14 0.025984693194319702 0.18703171210820732
1.5415134784936588e-14 0.026003926868038665 0.1870317121082074
1.5791113682130164e-14 0.026023189036089064 0.18703171210820743
1.616709257932374e-14 0.026042479761838575 0.18703171210820752
1.6543071476517315e-14 0.02606179910884291 0.1870317121082076
1.6919050373710888e-14 0.026081147140846504 0.18703171210820765
1.7295029270904464e-14 0.02610052392178324 0.18703171210820774
1.767100816809804e-14 0.02611992951577713 0.18703171210820782
1.8046987065291615e-14 0.026139363987143033 0.1870317121082079
1.842296596248519e-14 0.02615882740038737 0.18703171210820793
1.8798944859678766e-14 0.026178319820208823 0.18703171210820801
1.9174923756872342e-14 0.02619784131149906 0.1870317121082081
1.9550902654065918e-14 0.026217391939343464 0.18703171210820815
1.992688155125949e-14 0.026236971769021837 0.18703171210820824
2.0302860448453066e-14 0.02625658086600915 0.18703171210820832
2.0678839345646642e-14 0.026276219295976243 0.18703171210820835
2.1054818242840218e-14 0.0262958871247906 0.18703171210820843
2.1430797140033793e-14 0.026315584418517033 0.18703171210820851
2.180677603722737e-14 0.02633531124341847 0.18703171210820857
2.2182754934420945e-14 0.026355067665956664 0.18703171210820865
2.255873383161452e-14 0.026374853752792974 0.18703171210820874
2.2934712728808093e-14 0.026394669570789057 0.18703171210820882
2.331069162600167e-14 0.026414515187007697 0.18703171210820885
2.3686670523195244e-14 0.026434390668713496 0.18703171210820893
2.406264942038882e-14 0.02645429608337367 0.18703171210820901
2.4438628317582396e-14 0.02647423149865881 0.18703171210820907
2.481460721477597e-14 0.02649419698244362 0.18703171210820915
2.5190586111969547e-14 0.026514192602807726 0.18703171210820924
2.5566565009163123e-14 0.02653421842803643 0.18703171210820926
2.5942543906356695e-14 0.026554274526621496 0.18703171210820935
2.631852280355027e-14 0.026574360967261908 0.18703171210820943
2.6694501700743847e-14 0.02659447781886468 0.18703171210820946
2.7070480597937423e-14 0.026614625150545634 0.18703171210820954
2.7446459495130998e-14 0.026634803031630207 0.18703171210820962
2.7822438392324574e-14 0.026655011531654203 0.1870317121082097
2.819841728951815e-14 0.026675250720364647 0.18703171210820976
2.857439618671172e-14 0.02669552066772055 0.18703171210820985
2.89503750839053e-14 0.026715821443893718 0.18703171210820993
2.9326353981098874e-14 0.026736153119269586 0.18703171210820996
2.970233287829245e-14 0.026756515764448013 0.18703171210821004
3.0078311775486025e-14 0.026776909450244087 0.18703171210821012
3.04542906726796e-14 0.02679733424768897 0.18703171210821018
3.0830269569873176e-14 0.026817790228030717 0.18703171210821026
3.120624846706675e-14 0.026838277462735094 0.18703171210821035
3.158222736426033e-14 0.02685879602348642 0.18703171210821037
3.1958206261453904e-14 0.0268793459821884 0.18703171210821046
3.233418515864748e-14 0.02689992741096496 0.18703171210821054
3.2710164055841055e-14 0.026920540382161105 0.18703171210821062
3.308614295303463e-14 0.026941184968343742 0.18703171210821068
3.34621218502282e-14 0.02696186124230256 0.18703171210821076
3.3838100747421776e-14 0.026982569277050877 0.18703171210821085
3.421407964461535e-14 0.027003309145826472 0.18703171210821087
3.459005854180893e-14 0.02702408092209249 0.18703171210821096
3.49660374390025e-14 0.027044884679538292 0.18703171210821104
3.534201633619608e-14 0.027065720492080305 0.1870317121082111
3.5717995233389654e-14 0.02708658843386295 0.18703171210821118
3.609397413058323e-14 0.02710748857925945 0.18703171210821126
3.6469953027776806e-14 0.02712842100287277 0.1870317121082113
3.684593192497038e-14 0.02714938577953651 0.18703171210821137
3.722191082216396e-14 0.02717038298431573 0.18703171210821146
3.759788971935753e-14 0.027191412692507924 0.18703171210821154
3.797386861655111e-14 0.027212474979643873 0.1870317121082116
3.8349847513744684e-14 0.02723356992148856 0.18703171210821168
3.872582641093826e-14 0.02725469759404208 0.18703171210821176
3.9101805308131836e-14 0.02727585807354056 0.1870317121082118
3.9477784205325405e-14 0.027297051436457064 0.18703171210821187
3.985376310251898e-14 0.027318277759502522 0.18703171210821196
4.0229741999712556e-14 0.027339537119626642 0.187031712108212
4.060572089690613e-14 0.027360829594018875 0.1870317121082121
4.098169979409971e-14 0.027382155260109304 0.18703171210821218
4.1357678691293284e-14 0.027403514195569613 0.18703171210821226
4.173365758848686e-14 0.027424906478314005 0.1870317121082123
4.2109636485680435e-14 0.027446332186500184 0.18703171210821237
4.248561538287401e-14 0.027467791398530287 0.18703171210821246
4.2861594280067586e-14 0.02748928419305183 0.1870317121082125
4.323757317726116e-14 0.027510810648958682 0.1870317121082126
4.361355207445474e-14 0.02753237084539204 0.18703171210821268
4.3989530971648314e-14 0.027553964861741366 0.1870317121082127
4.436550986884189e-14 0.027575592777645402 0.1870317121082128
4.4741488766035465e-14 0.027597254672993118 0.18703171210821287
4.511746766322904e-14 0.027618950627924715 0.18703171210821293
4.556221292563077e-14 0.027640680722832604 0.187031712108213
4.600695818803251e-14 0.027662445038362397 0.1870317121082131
4.645170345043424e-14 0.0276842436554139 0.18703171210821318
4.689644871283598e-14 0.027706076655142145 0.18703171210821326
4.7387124533840856e-14 0.027727944118958358 0.18703171210821337
4.787780035484573e-14 0.027749846128530996 0.18703171210821345
4.836847617585061e-14 0.027771782765786752 0.18703171210821354
4.885915199685548e-14 0.027793754112911583 0.18703171210821362
4.936455221894604e-14 0.02781576025235173 0.18703171210821376
4.986995244103659e-14 0.02783780126681477 0.18703171210821384
5.037535266312715e-14 0.027859877239270612 0.18703171210821393
5.08807528852177e-14 0.027881988252952572 0.187031712108214
5.156452635622037e-14 0.027904134391358415 0.18703171210821412
5.224829982722303e-14 0.02792631573825138 0.1870317121082143
5.29320732982257e-14 0.027948532377661286 0.18703171210821443
5.388244952472266e-14 0.02797078439388554 0.1870317121082146
5.483282575121962e-14 0.02799307187149023 0.18703171210821476
5.5783201977716586e-14 0.028015394895311196 0.1870317121082149
5.720484558298747e-14 0.028037753550455097 0.1870317121082152
5.862648918825837e-14 0.02806014792230051 0.18703171210821545
6.004813279352925e-14 0.028082578096498993 0.18703171210821573
6.146977639880014e-14 0.028105044158976196 0.18703171210821598
6.317336751828564e-14 0.02812754619593294 0.1870317121082163
6.487695863777116e-14 0.028150084293846345 0.18703171210821662
6.658054975725666e-14 0.028172658539470923 0.18703171210821695
6.828414087674218e-14 0.028195269019839677 0.18703171210821729
6.99877319962277e-14 0.028217915822265256 0.18703171210821756
7.170413691276524e-14 0.028240599034341028 0.1870317121082179
7.342054182930279e-14 0.028263318743942268 0.18703171210821823
7.513694674584033e-14 0.028286075039227244 0.18703171210821856
7.742495764185549e-14 0.028308868008638383 0.18703171210821898
7.971296853787064e-14 0.028331697740903418 0.1870317121082194
8.200097943388578e-14 0.02835456432503651 0.18703171210821987
8.428899032990093e-14 0.02837746785033945 0.18703171210822028
8.722906897973974e-14 0.028400408406402778 0.1870317121082208
9.016914762957855e-14 0.02842338608310699 0.18703171210822134
9.310922627941737e-14 0.02844640097062368 0.18703171210822192
9.741956709305343e-14 0.02846945315941673 0.18703171210822273
1.017299079066895e-13 0.0284925427402435 0.1870317121082235
1.0604024872032557e-13 0.02851566980415604 0.18703171210822434
1.1035058953396164e-13 0.028538834442502225 0.18703171210822514
1.151816112437187e-13 0.028562036746927026 0.18703171210822603
1.2001263295347577e-13 0.028585276809373672 0.18703171210822694
1.248436546632328e-13 0.028608554722084886 0.18703171210822783
1.2967467637298988e-13 0.028631870577604104 0.18703171210822875
1.3450569808274694e-13 0.028655224468776705 0.18703171210822966
1.39336719792504e-13 0.028678616488751217 0.18703171210823058
1.4379065158813347e-13 0.028702046730980587 0.1870317121082314
1.4824458338376293e-13 0.02872551528922342 0.18703171210823222
1.526985151793924e-13 0.028749022257545206 0.18703171210823305
1.5894693808088892e-13 0.028772567730319602 0.18703171210823422
1.6519536098238544e-13 0.028796151802229705 0.18703171210823538
1.7144378388388195e-13 0.02881977456826927 0.18703171210823655
1.7769220678537847e-13 0.028843436123744036 0.18703171210823774
1.8422727953465918e-13 0.028867136564272998 0.18703171210823896
1.9076235228393986e-13 0.02889087598578967 0.18703171210824016
1.9729742503322057e-13 0.028914654484543407 0.1870317121082414
2.0383249778250127e-13 0.02893847215710069 0.1870317121082426
2.1112829170631235e-13 0.028962329100346445 0.18703171210824399
2.1842408563012342e-13 0.028986225411485343 0.18703171210824535
2.257198795539345e-13 0.029010161188043136 0.18703171210824673
2.3301567347774557e-13 0.02903413652786797 0.1870317121082481
2.4185165025107523e-13 0.02905815152913171 0.1870317121082497
2.5068762702440495e-13 0.029082206290331328 0.18703171210825137
2.595236037977346e-13 0.029106300910290175 0.18703171210825303
2.765877152297321e-13 0.029130435488159398 0.18703171210825623
3.448441609577221e-13 0.02915461012341929 0.187031712108269
4.131006066857121e-13 0.0291788249158806 0.18703171210828176
4.813570524137021e-13 0.029203079965685986 0.18703171210829453
5.731760707120619e-13 0.02922737537331135 0.1870317121083117
6.649950890104216e-13 0.029251711239567227 0.18703171210832886
7.568141073087814e-13 0.029276087665600203 0.18703171210834607
8.486331256071412e-13 0.02930050475289428 0.18703171210836322
9.810383086268876e-13 0.02932496260327232 0.18703171210838795
1.1134434916466341e-12 0.029349461318897443 0.18703171210841277
1.2458486746663807e-12 0.029374001002274445 0.1870317121084375
1.4382647236890371e-12 0.02939858175625125 0.18703171210847352
1.6306807727116936e-12 0.0294232036840203 0.18703171210850947
1.82309682173435e-12 0.029447866889120065 0.1870317121085455
2.0155128707570063e-12 0.029472571475436447 0.18703171210858144
2.2498932124533815e-12 0.029497317547204232 0.1870317121086253
2.4842735541497566e-12 0.029522105209008605 0.18703171210866912
2.7186538958461318e-12 0.02954693456578658 0.18703171210871297
2.953034237542507e-12 0.029571805722828484 0.18703171210875683
3.221063902742796e-12 0.029596718785779477 0.18703171210880695
3.4890935679430848e-12 0.029621673860641014 0.18703171210885708
3.757123233143374e-12 0.029646671053772354 0.1870317121089072
4.102208223068278e-12 0.029671710471892095 0.18703171210897174
4.447293212993182e-12 0.02969679222207966 0.18703171210903627
4.792378202918086e-12 0.029721916411776853 0.18703171210910083
5.13746319284299e-12 0.029747083148789363 0.18703171210916536
5.633255304061934e-12 0.02977229254128834 0.1870317121092581
6.1290474152808776e-12 0.029797544697811904 0.18703171210935082
6.6248395264998214e-12 0.029822839727266758 0.18703171210944355
7.1206316377187645e-12 0.02984817773892969 0.18703171210953629
7.638741147511186e-12 0.02987355884244918 0.18703171210963318
8.156850657303606e-12 0.029898983147847013 0.18703171210973007
8.674960167096028e-12 0.02992445076551979 0.187031712109827
9.482947019124635e-12 0.029949961806240613 0.18703171210997813
1.0290933871153241e-11 0.02997551638116061 0.1870317121101292
1.1098920723181848e-11 0.030001114601810625 0.18703171211028033
1.226134854965157e-11 0.03002675658010277 0.18703171211049774
1.3423776376121292e-11 0.030052442428332108 0.18703171211071518
1.4586204202591015e-11 0.03007817225917829 0.18703171211093259
1.6291777472747932e-11 0.030103946185707147 0.18703171211125158
1.7997350742904852e-11 0.030129764321372418 0.18703171211157057
1.970292401306177e-11 0.030155626780017375 0.18703171211188957
2.140849728321869e-11 0.030181533675876494 0.1870317121122086
2.3990306264399512e-11 0.03020748512357716 0.18703171211269146
2.6572115245580332e-11 0.030233481238141343 0.18703171211317432
2.9153924226761155e-11 0.03025952213498729 0.1870317121136572
3.2191155171150204e-11 0.03028560792993124 0.18703171211422526
3.5228386115539247e-11 0.030311738739189163 0.18703171211479333
3.8265617059928296e-11 0.030337914679378446 0.18703171211536138
4.1302848004317345e-11 0.030364135867519654 0.18703171211592945
4.5909341362638896e-11 0.03039040242103827 0.187031712116791
5.0515834720960446e-11 0.03041671445776644 0.18703171211765254
5.512232807928201e-11 0.030443072095944743 0.1870317121185141
5.972882143760356e-11 0.03046947545422397 0.1870317121193757
6.517456082894977e-11 0.030495924651666874 0.18703171212039418
7.0620300220296e-11 0.030522419807749987 0.18703171212141273
7.606603961164221e-11 0.030548961042365427 0.18703171212243125
8.151177900298843e-11 0.03057554847582266 0.1870317121234498
8.764302514352611e-11 0.030602182228850385 0.18703171212459652
9.377427128406378e-11 0.030628862422598293 0.18703171212574327
9.990551742460146e-11 0.03065558917863895 0.18703171212689002
1.0603676356513914e-10 0.030682362618969637 0.1870317121280367
1.1296892877055312e-10 0.030709182866014192 0.18703171212933326
1.1990109397596711e-10 0.03073605004262488 0.1870317121306298
1.268332591813811e-10 0.030762964272084272 0.18703171213192632
1.337654243867951e-10 0.030789925678107132 0.18703171213322287
1.4204161524685847e-10 0.030816934384842315 0.1870317121347708
1.5031780610692185e-10 0.03084399051687466 0.18703171213631867
1.5859399696698525e-10 0.030871094199226925 0.1870317121378666
1.6687018782704862e-10 0.030898245557361686 0.18703171213941452
1.7664484205205526e-10 0.03092544471718331 0.1870317121412427
1.8641949627706188e-10 0.03095269180503986 0.18703171214307085
1.9619415050206852e-10 0.030979986947725077 0.18703171214489903
2.0990229857996072e-10 0.031007330272480354 0.18703171214746286
2.2361044665785292e-10 0.03103472190699668 0.18703171215002673
2.373185947357451e-10 0.03106216197941666 0.1870317121525906
2.5821908045660747e-10 0.031089650618336493 0.18703171215649966
2.7911956617746983e-10 0.031117187952808004 0.1870317121604087
3.000200518983322e-10 0.031144774112340637 0.18703171216431774
3.286668688949002e-10 0.031172409226903494 0.18703171216967562
3.5731368589146827e-10 0.031200093426927387 0.18703171217503348
3.859605028880363e-10 0.031227826843306883 0.18703171218039136
4.1460731988460436e-10 0.03125560960740235 0.18703171218574924
4.432541368811724e-10 0.03128344185104207 0.18703171219110706
4.719009538777405e-10 0.03131132370652428 0.18703171219646494
4.978351452738626e-10 0.03133925530661931 0.18703171220131545
5.237693366699849e-10 0.031367236784571643 0.187031712206166
5.49703528066107e-10 0.03139526827410209 0.1870317122110165
5.756377194622292e-10 0.03142334990940988 0.187031712215867
6.065979439245169e-10 0.03145148182517479 0.18703171222165757
6.375581683868047e-10 0.03147966415655935 0.1870317122274481
6.685183928490926e-10 0.031507897039210975 0.1870317122332386
6.994786173113803e-10 0.03153618060926412 0.18703171223902917
7.341993627160321e-10 0.031564515003342536 0.18703171224552306
7.689201081206838e-10 0.03159290035856137 0.18703171225201695
8.036408535253356e-10 0.03162133681252947 0.18703171225851084
8.383615989299874e-10 0.03164982450335157 0.1870317122650047
8.795952547003653e-10 0.03167836356963052 0.1870317122727167
9.208289104707432e-10 0.031706954150469535 0.1870317122804287
9.620625662411213e-10 0.03173559638547447 0.18703171228814072
1.021247811406477e-09 0.03176429041475609 0.18703171229921026
1.0804330565718328e-09 0.03179303637893234 0.18703171231027974
1.1396183017371886e-09 0.031821834419130654 0.18703171232134927
1.2313994456817635e-09 0.031850684676990246 0.18703171233851523
1.3231805896263384e-09 0.03187958729466447 0.18703171235568122
1.4149617335709134e-09 0.031908542414823104 0.1870317123728472
1.578466325563191e-09 0.031937550180654764 0.18703171240342778
1.7419709175554686e-09 0.031966610735869185 0.18703171243400832
1.9054755095477464e-09 0.03199572422469967 0.18703171246458886
2.1187568819097313e-09 0.03202489079190541 0.18703171250447923
2.3320382542717166e-09 0.032054110582773944 0.18703171254436962
2.5453196266337015e-09 0.0320833837431235 0.18703171258426
2.8750360099938713e-09 0.032112710419305524 0.18703171264592738
3.204752393354042e-09 0.032142090758206995 0.18703171270759483
3.534468776714212e-09 0.03217152490725297 0.18703171276926225
4.053015972260089e-09 0.032201013014409016 0.187031712866247
4.571563167805966e-09 0.03223055522818371 0.18703171296323176
5.090110363351843e-09 0.03226015169763107 0.18703171306021654
5.6086575588977205e-09 0.032289802572353164 0.18703171315720132
6.1963231011601805e-09 0.032319508002502516 0.18703171326711343
6.783988643422641e-09 0.032349268138784755 0.1870317133770255
7.371654185685102e-09 0.03237908313246105 0.1870317134869376
7.959319727947562e-09 0.03240895313535077 0.1870317135968497
8.546985270210024e-09 0.032438878299834016 0.18703171370676178
9.182726409510905e-09 0.03246885877885419 0.18703171382566552
9.818467548811786e-09 0.03249889472592067 0.1870317139445693
1.045420868811267e-08 0.032528986295111334 0.18703171406347308
1.108994982741355e-08 0.032559133641075294 0.18703171418237682
1.1800093769926077e-08 0.03258933691903547 0.18703171431519627
1.2510237712438605e-08 0.0326195962847913 0.18703171444801572
1.3220381654951131e-08 0.03264991189472141 0.18703171458083515
1.3930525597463658e-08 0.03268028390578627 0.1870317147136546
1.4640669539976184e-08 0.03271071247553095 0.18703171484647402
1.53195749490298e-08 0.03274119776208782 0.18703171497345086
1.5998480358083413e-08 0.032771739924179324 0.18703171510042768
1.6677385767137026e-08 0.032802339121120676 0.18703171522740458
1.7356291176190642e-08 0.032832995512822656 0.1870317153543814
1.8035196585244255e-08 0.03286370925979443 0.18703171548135825
1.8703602274446042e-08 0.03289448052314629 0.18703171560637133
1.9372007963647833e-08 0.03292530946459254 0.18703171573138438
2.004041365284962e-08 0.03295619624645426 0.18703171585639744
2.070881934205141e-08 0.0329871410316622 0.1870317159814105
2.1368822218094272e-08 0.03301814398375962 0.18703171610485197
2.2028825094137136e-08 0.03304920526690521 0.18703171622829345
2.2688827970179997e-08 0.03308032504587593 0.1870317163517349
2.334883084622286e-08 0.033111503486069976 0.18703171647517638
2.4008833722265722e-08 0.03314274075350966 0.18703171659861786
2.4643987808697306e-08 0.033174037014844414 0.18703171671741184
2.5279141895128887e-08 0.03320539243735372 0.1870317168362058
2.591429598156047e-08 0.033236807188950085 0.18703171695499976
2.6549450067992056e-08 0.03326828143818205 0.18703171707379374
2.718460415442364e-08 0.0332998153542372 0.18703171719258765
2.7819758240855224e-08 0.033331409106945195 0.18703171731138163
2.8371768738446364e-08 0.033363062866780854 0.18703171741462513
2.8923779236037504e-08 0.033394776804867146 0.1870317175178686
2.9475789733628647e-08 0.033426551092978346 0.18703171762111204
3.0027800231219783e-08 0.03345838590354309 0.18703171772435553
3.057981072881092e-08 0.033490281409647514 0.187031717827599
3.103228701670572e-08 0.0335222377850384 0.18703171791222642
3.148476330460051e-08 0.033554255204126304 0.18703171799685386
3.193723959249531e-08 0.03358633384198876 0.18703171808148128
3.23897158803901e-08 0.03361847387437344 0.1870317181661087
3.28421921682849e-08 0.033650675477701376 0.1870317182507361
3.329054615726936e-08 0.03368293882907022 0.18703171833459253
3.373890014625383e-08 0.03371526410625743 0.18703171841844896
3.418725413523829e-08 0.03374765148772357 0.18703171850230538
3.463560812422275e-08 0.03378010115261562 0.1870317185861618
3.508396211320721e-08 0.033812613280770204 0.18703171867001822
3.549404819174463e-08 0.033845188052716996 0.18703171874671734
3.5904134270282044e-08 0.033877825649682 0.1870317188234164
3.6314220348819464e-08 0.033910526253590964 0.18703171890011552
3.672430642735688e-08 0.033943290047072694 0.18703171897681464
3.7158576466376836e-08 0.03397611721346252 0.18703171905803692
3.759284650539679e-08 0.03400900793680565 0.1870317191392592
3.802711654441674e-08 0.0340419624018607 0.1870317192204815
3.8461386583436685e-08 0.03407498079410305 0.18703171930170376
3.8895656622456636e-08 0.03410806329972839 0.187031719382926
3.933176563564536e-08 0.034141210105656204 0.18703171946449224
3.9767874648834075e-08 0.034174421399533306 0.1870317195460585
4.02039836620228e-08 0.034207697369737326 0.1870317196276247
4.0640092675211515e-08 0.03424103820538035 0.18703171970919089
4.111035119068033e-08 0.034274444096312424 0.18703171979714417
4.158060970614915e-08 0.034307915233125236 0.18703171988509742
4.2050868221617966e-08 0.03434145180715566 0.18703171997305068
4.252112673708679e-08 0.03437505401048947 0.18703172006100396
4.29913852525556e-08 0.03440872203596498 0.18703172014895722
4.3483063519404286e-08 0.0344424560771767 0.18703172024091666
4.397474178625296e-08 0.034476256328479137 0.18703172033287607
4.446642005310164e-08 0.03451012298499041 0.18703172042483554
4.4958098319950314e-08 0.034544056242596106 0.18703172051679498
4.547681664266205e-08 0.03457805629795299 0.18703172061381176
4.5995534965373774e-08 0.03461212334849284 0.18703172071082855
4.65142532880855e-08 0.034646257592426274 0.18703172080784533
4.7032971610797234e-08 0.03468045922874653 0.1870317209048621
4.755168993350896e-08 0.03471472845723344 0.18703172100187887
4.80691505423939e-08 0.034749065478457214 0.18703172109866045
4.858661115127884e-08 0.034783470493782415 0.187031721195442
4.9104071760163776e-08 0.0348179437053719 0.18703172129222354
4.962153236904872e-08 0.034852485316190715 0.18703172138900512
5.018436473032882e-08 0.03488709553001017 0.18703172149427263
5.074719709160893e-08 0.03492177455141177 0.18703172159954015
5.131002945288903e-08 0.03495652258579128 0.1870317217048076
5.187286181416913e-08 0.03499133983936279 0.18703172181007513
5.243569417544923e-08 0.035026226519162755 0.18703172191534265
5.299902123765233e-08 0.03506118283305413 0.1870317220207027
5.356234829985544e-08 0.03509620898973052 0.18703172212606275
5.412567536205854e-08 0.035131305198720236 0.18703172223142278
5.4689002424261646e-08 0.03516647167039064 0.18703172233678278
5.5300552208398067e-08 0.03520170861595215 0.187031722451162
5.591210199253449e-08 0.03523701624746262 0.18703172256554124
5.6523651776670915e-08 0.03527239477783157 0.18703172267992044
5.7135201560807335e-08 0.03530784442082436 0.18703172279429967
5.774675134494376e-08 0.03534336539106664 0.1870317229086789
5.834001351715537e-08 0.03537895790404858 0.18703172301963772
5.8933275689366976e-08 0.03541462217612927 0.1870317231305966
5.952653786157859e-08 0.03545035842454111 0.18703172324155543
6.01198000337902e-08 0.03548616686739418 0.18703172335251428
6.071306220600181e-08 0.03552204772368073 0.18703172346347316
6.128026008722064e-08 0.035558001213279594 0.18703172356955713
6.184745796843949e-08 0.03559402755696073 0.18703172367564116
6.241465584965834e-08 0.035630126976389696 0.1870317237817252
6.298185373087717e-08 0.03566629969413222 0.18703172388780917
6.363350318054151e-08 0.035702545933658784 0.18703172400968826
6.428515263020585e-08 0.035738865919349175 0.1870317241315674
6.493680207987018e-08 0.03577525987649719 0.18703172425344652
6.558845152953453e-08 0.035811728031315236 0.18703172437532567
6.624010097919887e-08 0.035848270610939016 0.18703172449720482
6.683831158870653e-08 0.03588488784343232 0.18703172460908915
6.743652219821418e-08 0.035921579957791654 0.1870317247209735
6.803473280772184e-08 0.03595834718395111 0.1870317248328579
6.86329434172295e-08 0.035995189752787135 0.1870317249447423
6.923115402673716e-08 0.03603210789612332 0.18703172505662666
6.982639548788045e-08 0.03606910184673536 0.18703172516795566
7.042163694902374e-08 0.03610617183835584 0.18703172527928474
7.101687841016704e-08 0.03614331810567926 0.1870317253906138
7.161211987131033e-08 0.03618054088436688 0.18703172550194286
7.22612724621672e-08 0.03621784041105179 0.18703172562335496
7.291042505302408e-08 0.0362552169233439 0.18703172574476712
7.355957764388095e-08 0.036292670659834964 0.18703172586617925
7.420873023473783e-08 0.03633020186010366 0.1870317259875914
7.48672401794199e-08 0.036367810764720745 0.18703172611075364
7.552575012410198e-08 0.036405497615254134 0.18703172623391592
7.618426006878404e-08 0.036443262654274104 0.18703172635707818
7.684277001346611e-08 0.0364811061253585 0.18703172648024044
7.750127995814818e-08 0.03651902827309796 0.1870317266034027
7.820300370273496e-08 0.036557029343101184 0.18703172673464732
7.890472744732175e-08 0.03659510958200025 0.18703172686589192
7.960645119190852e-08 0.03663326923745593 0.18703172699713655
8.03081749364953e-08 0.03667150855816309 0.18703172712838115
8.107392028636825e-08 0.03670982779385605 0.18703172727159983
8.18396656362412e-08 0.03674822719531406 0.18703172741481852
8.260541098611416e-08 0.03678670701436674 0.1870317275580372
8.337115633598712e-08 0.036825267503899625 0.1870317277012559
8.419487570732531e-08 0.036863908917859636 0.18703172785531758
8.501859507866351e-08 0.036902631511260754 0.18703172800937926
8.584231445000172e-08 0.03694143554018953 0.18703172816344094
8.666603382133991e-08 0.03698032126181078 0.18703172831750256
8.748975319267812e-08 0.03701928893437328 0.18703172847156424
8.840738330847003e-08 0.03705833881721544 0.18703172864319023
8.932501342426194e-08 0.037097471170771106 0.18703172881481617
9.024264354005386e-08 0.037136686256575305 0.18703172898644216
9.116027365584577e-08 0.03717598433727009 0.1870317291580681
9.21731788341844e-08 0.03721536567661043 0.18703172934751353
9.318608401252304e-08 0.03725483053947003 0.18703172953695893
9.419898919086166e-08 0.037294379191847395 0.18703172972640436
9.521189436920029e-08 0.03733401190087167 0.18703172991584982
9.628875075873452e-08 0.03737372893480877 0.18703173011725613
9.736560714826874e-08 0.03741353056306735 0.18703173031866246
9.844246353780295e-08 0.037453417056204946 0.1870317305200688
9.951931992733717e-08 0.03749338868593409 0.18703173072147514
1.0059617631687139e-07 0.03753344572512846 0.18703173092288147
1.0174465180579068e-07 0.03757358844782913 0.18703173113768287
1.0289312729470998e-07 0.0376138171292508 0.18703173135248422
1.0404160278362926e-07 0.03765413204578803 0.18703173156728561
1.0519007827254854e-07 0.03769453347502172 0.18703173178208699
1.0634520640917755e-07 0.037735021695725283 0.18703173199813264
1.0750033454580656e-07 0.037775596987871224 0.1870317322141783
1.0865546268243557e-07 0.0378162596326375 0.1870317324302239
1.0981059081906459e-07 0.037857009912414044 0.18703173264626954
1.109657189556936e-07 0.03789784811080932 0.1870317328623152
1.1220808722826465e-07 0.03793877451265684 0.18703173309467752
1.134504555008357e-07 0.03797978940402188 0.18703173332703982
1.1469282377340675e-07 0.03802089307220805 0.18703173355940217
1.159351920459778e-07 0.03806208580576407 0.18703173379176447
1.1720177740037732e-07 0.0381033678944905 0.18703173402865614
1.1846836275477685e-07 0.03814473962944651 0.18703173426554784
1.1973494810917636e-07 0.03818620130295678 0.1870317345024395
1.2100153346357588e-07 0.03822775320861833 0.1870317347393312
1.222681188179754e-07 0.03826939564130745 0.18703173497622289
1.2356107601636514e-07 0.03831112889718674 0.18703173521804695
1.2485403321475486e-07 0.038352953273712055 0.187031735459871
1.261469904131446e-07 0.038394869069639605 0.18703173570169507
1.2743994761153434e-07 0.038436876585033086 0.18703173594351913
1.2873290480992405e-07 0.03847897612127079 0.1870317361853432
1.300000220461584e-07 0.038521167981052894 0.18703173642233434
1.3126713928239275e-07 0.03856345246840861 0.18703173665932551
1.325342565186271e-07 0.038605829888703556 0.18703173689631672
1.3380137375486141e-07 0.03864830054864713 0.18703173713330787
1.3506849099109576e-07 0.03869086475629982 0.18703173737029902
1.3618877148036974e-07 0.03873352282108075 0.18703173757982705
1.373090519696437e-07 0.0387762750537751 0.18703173778935508
1.3842933245891767e-07 0.038819121766541696 0.18703173799888312
1.3954961294819163e-07 0.038862063272920626 0.18703173820841118
1.4077137501734297e-07 0.03890509988784079 0.18703173843691948
1.419931370864943e-07 0.03894823192762776 0.1870317386654278
1.4321489915564565e-07 0.03899145971001137 0.18703173889393612
1.4443666122479698e-07 0.0390347835541336 0.1870317391224444
1.4565842329394832e-07 0.039078203780556445 0.18703173935095277
1.4688018536309966e-07 0.03912172071126975 0.18703173957946106
1.4799638223846874e-07 0.039165334669699264 0.18703173978822535
1.4911257911383781e-07 0.039209045980714556 0.18703173999698963
1.5022877598920686e-07 0.03925285497063714 0.1870317402057539
1.5146028155226042e-07 0.03929676196724859 0.18703174043608456
1.5269178711531398e-07 0.0393407672997987 0.18703174066641523
1.5392329267836753e-07 0.039384871299013725 0.18703174089674587
1.5515479824142106e-07 0.03942907429710465 0.18703174112707655
1.5638630380447462e-07 0.03947337662777555 0.18703174135740722
1.5775900713102356e-07 0.039517778626231986 0.18703174161414635
1.5913171045757252e-07 0.039562280629189456 0.18703174187088548
1.6050441378412146e-07 0.03960688297488189 0.1870317421276246
1.621466429859964e-07 0.03965158600307025 0.18703174243477363
1.6378887218787135e-07 0.03969639005505112 0.18703174274192272
1.6543110138974627e-07 0.03974129547366543 0.18703174304907175
1.670733305916212e-07 0.03978630260330718 0.18703174335622078
1.6871555979349615e-07 0.03983141178993225 0.1870317436633698
1.7053817282371337e-07 0.03987662338106724 0.18703174400425635
1.7236078585393058e-07 0.03992193772581845 0.18703174434514294
1.741833988841478e-07 0.03996735517488082 0.18703174468602948
1.7670088826567808e-07 0.04001287608054697 0.18703174515687998
1.7921837764720837e-07 0.040058500796716356 0.18703174562773053
1.8173586702873866e-07 0.04010422967890439 0.18703174609858103
1.8425335641026895e-07 0.0401500630842517 0.18703174656943153
1.8713824245841867e-07 0.04019600137153345 0.18703174710899695
1.9002312850656837e-07 0.04024204490116866 0.18703174764856229
1.9290801455471809e-07 0.04028819403522964 0.18703174818812768
1.957929006028678e-07 0.04033444913745148 0.18703174872769307
1.9916704652163405e-07 0.04038081057324166 0.1870317493587656
2.025411924404003e-07 0.040427278709689575 0.18703174998983818
2.059153383591665e-07 0.04047385391557631 0.1870317506209107
2.092894842779327e-07 0.040520536561384365 0.18703175125198326
2.1307795776403994e-07 0.04056732701930743 0.1870317519605482
2.1686643125014718e-07 0.040614225663260395 0.18703175266911323
2.206549047362544e-07 0.04066123286888917 0.18703175337767822
2.2444337822236162e-07 0.04070834901358081 0.1870317540862432
2.2823185170846886e-07 0.0407555744764736 0.1870317547948082
2.324380244314119e-07 0.04080290963846717 0.18703175558149623
2.3664419715435493e-07 0.04085035488223284 0.1870317563681843
2.4085036987729797e-07 0.04089791059222379 0.18703175715487236
2.45056542600241e-07 0.040945577154685595 0.18703175794156043
2.49625968932022e-07 0.04099335495766656 0.1870317587961885
2.5419539526380297e-07 0.04104124439102831 0.1870317596508166
2.5876482159558395e-07 0.04108924584645642 0.18703176050544465
2.6463221016110183e-07 0.041137359717471005 0.1870317616028329
2.704995987266197e-07 0.041185586399437556 0.18703176270022126
2.763669872921376e-07 0.04123392628957775 0.18703176379760958
2.822343758576555e-07 0.0412823797869803 0.18703176489499793
2.8950552885544915e-07 0.041330947292612046 0.18703176625493487
2.967766818532428e-07 0.0413796292093289 0.1870317676148719
3.0404783485103645e-07 0.04142842594188707 0.1870317689748089
3.1131898784883013e-07 0.04147733789695424 0.1870317703347459
3.1934062136036744e-07 0.041526365483120845 0.18703177183504674
3.2736225487190476e-07 0.04157550911091153 0.18703177333534754
3.353838883834421e-07 0.04162476919279649 0.18703177483564837
3.4340552189497944e-07 0.04167414614320313 0.18703177633594928
3.5324221104152466e-07 0.041723640378527604 0.18703177817572333
3.630789001880699e-07 0.041773252317146535 0.18703178001549747
3.729155893346151e-07 0.04182298237942886 0.1870317818552716
3.827522784811603e-07 0.041872830987747606 0.18703178369504583
3.9450423610520976e-07 0.04192279856649193 0.1870317858930363
4.062561937292592e-07 0.04197288554207914 0.18703178809102683
4.1800815135330865e-07 0.04202309234296679 0.18703179028901737
4.297601089773581e-07 0.04207341939966496 0.187031792487008
4.438189999523671e-07 0.04212386714474849 0.18703179511646875
4.578778909273761e-07 0.04217443601286944 0.18703179774592957
4.7193678190238507e-07 0.04222512644076953 0.18703180037539047
4.910403971437877e-07 0.0422759388672927 0.18703180394837576
5.101440123851903e-07 0.04232687373339788 0.18703180752136123
5.29247627626593e-07 0.04237793148217158 0.1870318110943468
5.483512428679956e-07 0.04242911255884087 0.1870318146673325
5.730718779732597e-07 0.04248041741078627 0.1870318192908804
5.977925130785238e-07 0.042531846487554766 0.18703182391442852
6.225131481837881e-07 0.042583400240873016 0.18703182853797687
6.472337832890522e-07 0.04263507912466048 0.18703183316152547
6.799187634403753e-07 0.04268688359504282 0.18703183927466135
7.126037435916986e-07 0.04273881411036526 0.18703184538779768
7.452887237430217e-07 0.04279087113120613 0.18703185150093438
7.876346812631078e-07 0.04284305512039054 0.18703185942098347
8.299806387831938e-07 0.04289536654300395 0.18703186734103322
8.7232659630328e-07 0.042947805866406154 0.18703187526108364
9.146725538233661e-07 0.043000373560245095 0.1870318831811347
9.706254324473151e-07 0.04305307009647087 0.18703189364611714
1.0265783110712643e-06 0.04310589594934999 0.1870319041111007
1.0825311896952135e-06 0.04315885159547941 0.18703191457608548
1.1536969450593185e-06 0.04321193751380103 0.1870319278863683
1.2248627004234234e-06 0.043265154185616064 0.18703194119665306
1.2960284557875286e-06 0.04331850209459955 0.18703195450693966
1.3671942111516336e-06 0.04337198172681511 0.1870319678172282
1.467855511076292e-06 0.043425593570729594 0.1870319866441368
1.5685168110009508e-06 0.04347933811722802 0.18703200547104926
1.6691781109256093e-06 0.043533215859628556 0.18703202429796548
1.8161590853829984e-06 0.043587227293697565 0.1870320517881646
1.9631400598403876e-06 0.0436413729176649 0.18703207927837182
2.1101210342977768e-06 0.043695653232239104 0.1870321067685871
2.257102008755166e-06 0.04375006874062296 0.1870321342588104
2.449200808197881e-06 0.043804619948528974 0.18703217018754686
2.641299607640596e-06 0.04385930736419505 0.18703220611629712
2.8333984070833117e-06 0.0439141314984003 0.18703224204506116
3.0625510329263203e-06 0.0439690928644809 0.1870322849041218
3.2917036587693292e-06 0.044024191978346165 0.18703232776320208
3.5208562846123378e-06 0.044079429358494654 0.18703237062230202
3.7500089104553463e-06 0.04413480552603045 0.18703241348142158
4.015979496582649e-06 0.044190321004679546 0.187032463226742
4.281950082709951e-06 0.044245976320806346 0.18703251297208887
4.547920668837253e-06 0.044301772003430315 0.1870325627174622
4.813891254964555e-06 0.044357708584242726 0.187032612462862
5.155412010488459e-06 0.044413786597623565 0.18703267633871043
5.496932766012364e-06 0.044470006580658535 0.18703274021460248
5.838453521536268e-06 0.0445263690731562 0.18703280409053819
6.179974277060172e-06 0.044582874617665275 0.18703286796651747
6.6239764776836e-06 0.04463952375949204 0.18703295101007256
7.067978678307027e-06 0.04469631704671786 0.18703303405370134
7.511980878930454e-06 0.04475325503021687 0.18703311709740383
7.955983079553881e-06 0.044810338263673775 0.18703320014118013
8.489302150234333e-06 0.044867567303601835 0.18703329989039943
9.022621220914786e-06 0.04492494270936092 0.18703339963972507
9.555940291595238e-06 0.04498246504317572 0.18703349938915717
1.0228772180728362e-05 0.04504013487015415 0.18703362523254713
1.0901604069861484e-05 0.04509795275830582 0.18703375107610642
1.1574435958994607e-05 0.04515591927856072 0.18703387691983506
1.2247267848127729e-05 0.045214035004787954 0.18703400276373303
1.307210835096633e-05 0.045272300513814735 0.18703415703897064
1.3896948853804929e-05 0.045330716385445474 0.18703431131446271
1.4721789356643528e-05 0.04538928320248092 0.18703446559020934
1.5546629859482126e-05 0.0454480015507377 0.18703461986621048
1.653222261484369e-05 0.04550687201906767 0.18703480420922441
1.7517815370205255e-05 0.04556589519937774 0.18703498855260173
1.850340812556682e-05 0.045625071686649664 0.18703517289634244
1.948900088092838e-05 0.04568440207895999 0.1870353572404465
2.066565435177187e-05 0.045743886977500314 0.1870355773207969
2.1842307822615357e-05 0.04580352698659744 0.18703579740166518
2.3018961293458845e-05 0.045863322713733994 0.1870360174830514
2.4195614764302336e-05 0.04592327476956894 0.1870362375649556
2.563024639017594e-05 0.04598338376795842 0.18703650589993465
2.7064878016049545e-05 0.04604365032597672 0.18703677423568368
2.8499509641923152e-05 0.04610407506393732 0.1870370425722027
2.9934141267796758e-05 0.04616465860541424 0.1870373109094916
3.153213351414168e-05 0.04622540157726348 0.18703760980308895
3.31301257604866e-05 0.04628630460964458 0.1870379086976416
3.472811800683152e-05 0.046347368336042534 0.1870382075931496
3.632611025317644e-05 0.046408593393289614 0.18703850648961282
3.820858417590786e-05 0.04646998042158761 0.1870388585981774
4.009105809863928e-05 0.046531530064530126 0.1870392107080677
4.1973532021370704e-05 0.046593242969124975 0.18703956281928374
4.385600594410212e-05 0.04665511978581705 0.18703991493182553
4.6156893810219275e-05 0.046717161168510955 0.18704034530956118
4.8457781676336425e-05 0.04677936777459419 0.1870407756892774
5.0758669542453575e-05 0.046841740264960324 0.18704120607097427
5.3059557408570725e-05 0.04690427930403236 0.18704163645465172
5.5683454971651955e-05 0.04696698555978642 0.18704212726007557
5.8307352534733186e-05 0.04702985970377542 0.1870426180680752
6.0931250097814417e-05 0.04709290241115313 0.18704310887865064
6.355514766089565e-05 0.04715611436069831 0.18704359969180193
6.656330674316377e-05 0.04721949623483902 0.1870441623861599
6.957146582543189e-05 0.04728304871967731 0.18704472508390346
7.25796249077e-05 0.047346772505013804 0.18704528778503268
7.558778398996813e-05 0.04741066828437279 0.18704585048954753
7.891648169026961e-05 0.04747473675502736 0.18704647315777867
8.224517939057109e-05 0.047538978618024676 0.18704709583015552
8.557387709087258e-05 0.04760339457821171 0.1870477185066781
8.890257479117407e-05 0.047667985344260845 0.18704834118734645
9.283370491820624e-05 0.047732751628695974 0.18704907656698375
9.676483504523841e-05 0.0477976941479187 0.1870498119524033
0.00010069596517227058 0.04786281362223466 0.18705054734360527
0.00010462709529930275 0.04792811077588028 0.18705128274058966
0.00010904731072381933 0.04799358633704951 0.1870521096377257
0.0001134675261483359 0.04805924103792098 0.18705293654217273
0.00011788774157285247 0.048125075614685264 0.18705376345393077
0.00012230795699736907 0.04819109080757234 0.18705459037299998
0.00012736960302220843 0.048257287360879454 0.1870555372977332
0.0001324312490470478 0.04832366602299896 0.18705648423205368
0.00013749289507188715 0.04839022754644661 0.1870574311759616
0.0001425545410967265 0.048456972687889996 0.18705837812945703
0.0001488779276555484 0.04852390220817712 0.18705956114801636
0.0001552013142143703 0.04859101687236548 0.18706074418153934
0.00016152470077319218 0.04865831744975103 0.18706192723002638
0.00016784808733201408 0.048725804713897695 0.18706311029347764
0.00017417147389083595 0.048793479442666994 0.18706429337189345
0.00018068956322981358 0.04886134241824789 0.18706551289402468
0.0001872076525687912 0.04892939442718697 0.18706673243205682
0.00019372574190776881 0.048997636260418746 0.18706795198599013
0.00020024383124674644 0.049066068713296426 0.18706917155582498
0.0002072883378811718 0.04913469258562271 0.1870704896390684
0.00021433284451559715 0.049203508681681 0.18707180774088628
0.00022137735115002248 0.04927251781026682 0.187073125861279
0.0002284218577844478 0.04934172078471944 0.18707444400024703
0.0002358397883072057 0.049411118422953926 0.18707583203282852
0.0002432577188299636 0.04948071154749329 0.18707722008600763
0.0002506756493527215 0.04955050098550104 0.18707860815978494
0.0002580935798754794 0.049620487568813904 0.1870799962541608
0.00026705867262061337 0.04969067213397488 0.18708167389170569
0.0002760237653657473 0.049761055522266624 0.18708335155933917
0.0002849888581108813 0.04983163857974502 0.18708502925706208
0.00029395395085601525 0.049902422157273064 0.18708670698487534
0.0003042665372541758 0.04997340711055511 0.1870886369199197
0.0003145791236523364 0.05004459430017128 0.18709056689478185
0.00032489171005049697 0.050115984591612324 0.18709249690946303
0.00033520429644865753 0.05018757885531463 0.1870944269639644
0.0003455168828468181 0.05025937796669562 0.18709635705828728
0.00035673223301037343 0.05033138280618946 0.18709845615826262
0.00036794758317392883 0.05040359425928298 0.1871005553053396
0.0003791629333374842 0.05047601321655207 0.18710265449951974
0.0003903782835010396 0.050548640573698185 0.18710475374080474
0.0004034102481950932 0.05062147723158535 0.1871071930673989
0.00041644221288914684 0.050694524096277414 0.187109632457598
0.0004294741775832005 0.050767782079075494 0.18711207191140453
0.00044250614227725406 0.050841252096556065 0.18711451142882096
0.0004556663368684776 0.05091493507060904 0.18711697501477537
0.00046882653145970116 0.0509888319284764 0.1871194386656028
0.0004819867260509247 0.051062943602791046 0.1871219023813057
0.0004951469206421483 0.051137271031616076 0.18712436616188668
0.0005083071152333717 0.05121181515848432 0.1871268300073483
0.0005218369565750398 0.0512865769324383 0.18712936312554374
0.0005353667979167079 0.051361557308070516 0.18713189631232127
0.0005488966392583759 0.051436757245564034 0.1871344295676837
0.000562426480600044 0.051512177710733485 0.18713696289163378
0.0005773166233624507 0.051587819675066426 0.18713975099734714
0.0005922067661248574 0.05166368411576505 0.1871425391861403
0.0006070969088872642 0.05173977201578827 0.18714532745801696
0.0006219870516496708 0.05181608436389415 0.1871481158129808
0.0006368771944120776 0.05189262215468277 0.18715090425103556
0.0006520291553716258 0.051969386388639405 0.18715374180439787
0.000667181116331174 0.05204637807217813 0.1871565794438065
0.0006823330772907222 0.052123598217685814 0.18715941716926554
0.0006974850382502704 0.052201047843566474 0.18716225498077874
0.0007126369992098187 0.05227872797428607 0.18716509287835015
0.000727678963761916 0.052356639640417646 0.18716791025919138
0.0007427209283140133 0.05243478387868693 0.18717072772485352
0.0007577628928661106 0.05251316173201829 0.18717354527534033
0.0007728048574182079 0.0525917742495812 0.18717636291065573
0.0007876401091620925 0.05267062248683694 0.18717914190796975
0.0008024753609059771 0.05274970750558595 0.18718192098780426
0.0008173106126498616 0.052829030374015394 0.18718470015016292
0.0008321458643937462 0.05290859216674734 0.18718747939504937
0.0008469811161376308 0.05298839396488723 0.18719025872246736
0.000862261257585657 0.053068436856072876 0.18719312148454714
0.0008775413990336832 0.053148721934523815 0.1871959843341906
0.0008928215404817094 0.05322925030109127 0.18719884727140174
0.0009081016819297356 0.053310023063308405 0.1872017102961846
0.0009246340989373527 0.053391041335441085 0.1872048080572192
0.0009411665159449699 0.053472306238539186 0.18720790592077732
0.0009576989329525871 0.05355381890048817 0.1872110038868639
0.0009742313499602044 0.053635580456061434 0.18721410195548419
0.0009907637669678217 0.05371759204697284 0.1872172001266431
0.0010062814965787592 0.05379985482192992 0.18722010823891277
0.0010217992261896968 0.053882369936687484 0.18722301644152936
0.0010373169558006343 0.05396513855410175 0.18722592473449706
0.001052834685411572 0.05404816184418498 0.1872288331178201
0.0010695489836793756 0.05413144098416061 0.18723196586700983
0.0010862632819471794 0.05421497715851888 0.18723509872103689
0.001102977580214983 0.05429877155907302 0.18723823167990652
0.0011196918784827866 0.05438282538501585 0.18724136474362396
0.0011364061767505903 0.05446713984297712 0.18724449791219447
0.0011539585170743734 0.05455171614708112 0.18724778828830313
0.0011715108573981563 0.05463655551900503 0.18725107878005487
0.0011890631977219395 0.05472165918803775 0.18725436938745577
0.0012066155380457224 0.054807028391139226 0.1872576601105119
0.001224447297852655 0.05489266437300037 0.18726100333773454
0.0012422790576595874 0.05497856838610366 0.18726434668433675
0.0012601108174665199 0.05506474169078407 0.18726769015032488
0.0012779425772734524 0.05515118555529079 0.18727103373570536
0.0012957743370803848 0.05523790125584943 0.18727437744048459
0.0013133391498753877 0.055324890076724795 0.18727767120569644
0.0013309039626703907 0.05541215331028429 0.18728096508677122
0.0013484687754653935 0.05549969225706198 0.18728425908371502
0.0013660335882603963 0.05558750822582316 0.18728755319653406
0.001384624387701564 0.05567560253362955 0.1872910398495782
0.0014032151871427316 0.055763976505905144 0.18729452663244386
0.0014218059865838992 0.05585263147650276 0.18729801354513825
0.0014403967860250667 0.05594156878777108 0.18730150058766865
0.0014589875854662344 0.056030789790622385 0.18730498776004229
0.001477578384907402 0.05612029584460102 0.18730847506226647
0.0014954789524479406 0.05621008831795239 0.18731183301201842
0.001513379519988479 0.05630016858769269 0.18731519108217098
0.0015312800875290173 0.056390538039679354 0.18731854927273062
0.001549180655069556 0.056481198068682056 0.1873219075837039
0.001567093567314844 0.056572150078454495 0.18732526833120186
0.0015850064795601324 0.056663395481806836 0.1873286291992925
0.0016029193918054205 0.0567549357006789 0.1873319901879823
0.0016208323040507089 0.05684677216621398 0.1873353512972778
0.0016391828892797537 0.05693890631883344 0.1873387946549011
0.0016575334745087987 0.05703133960831208 0.18734223813910947
0.0016758840597378435 0.05712407349385405 0.1873456817499099
0.0016942346449668885 0.05721710944416977 0.18734912548730934
0.0017125852301959333 0.05731044893755341 0.1873525693513148
0.0017309358154249783 0.057404093461961174 0.18735601334193325
0.0017488284974248112 0.05749804451509041 0.18735937151637191
0.0017667211794246444 0.05759230360445941 0.18736272981119678
0.0017846138614244773 0.05768687224748807 0.18736608822641423
0.0018025065434243105 0.05778175197157934 0.18736944676203085
0.0018211898320449403 0.05787694431420138 0.18737295382651356
0.0018398731206655703 0.0579724508229707 0.18737646102228483
0.0018585564092862003 0.05806827305573594 0.187379968349352
0.0018772396979068301 0.058164412580662656 0.1873834758077225
0.0018959229865274602 0.058260870976318796 0.18738698339740364
0.0019144971016204436 0.058357649831761185 0.1873904706210798
0.0019330712167134271 0.05845475074662269 0.18739395797455108
0.0019516453318064106 0.058552175331200405 0.1873974454578247
0.001970219446899394 0.05864992520654464 0.18740093307090788
0.0019894230827748323 0.05874800200454889 0.18740453902395554
0.0020086267186502703 0.0588464073680406 0.18740814511577675
0.0020278303545257083 0.05894514295087288 0.1874117513463795
0.0020470339904011463 0.05904421041801721 0.1874153577157719
0.0020666895298041416 0.05914361144565697 0.1874190490946543
0.0020863450692071364 0.05924334772128203 0.18742274061895214
0.0021060006086101317 0.05934342094378419 0.18742643228867406
0.002125656148013127 0.05944383282355369 0.18743012410382864
0.002145311687416122 0.05954458508257668 0.18743381606442452
0.0021651257160474635 0.059645679454533515 0.1874375379417548
0.0021849397446788046 0.05974711768489836 0.18744125996689884
0.0022047537733101462 0.05984890153103958 0.1874449821398654
0.0022245678019414874 0.05995103276232122 0.1874487044606633
0.002244381830572829 0.06005351316020554 0.18745242692930142
0.0022647811786089484 0.06015634451835658 0.18745625951657005
0.0022851805266450678 0.060259528642744836 0.1874600922605614
0.002305579874681187 0.06036306735175299 0.1874639251612851
0.0023259792227173066 0.06046696247628267 0.1874677582187507
0.0023473940965701603 0.06057121585986249 0.18747178226316252
0.0023688089704230145 0.06067582935875689 0.1874758064803324
0.0023902238442758683 0.06078080484207654 0.18747983087027142
0.002411638718128722 0.06088614419188949 0.18748385543299076
0.0024330535919815763 0.06099184930333375 0.1874878801685015
0.002455362431903079 0.06109792208473086 0.18749207310077573
0.002477671271824581 0.06120436445770077 0.18749626622059365
0.0024999801117460835 0.0613111783572779 0.18750045952796768
0.002522288951667586 0.061418365732028385 0.18750465302291047
0.0025451534405767206 0.061525928544168544 0.1875089511603893
0.002568017929485855 0.06163386876968463 0.18751324949492357
0.00259088241839499 0.06174218839845385 0.18751754802652695
0.0026137469073041248 0.06185088943436662 0.18752184675521288
0.0026366113962132593 0.06195997389545015 0.18752614568099496
0.002659502429774193 0.06206944381399335 0.18753044979509118
0.0026823934633351263 0.06217930123667299 0.18753475410676865
0.00270528449689606 0.062289548224681274 0.18753905861604098
0.0027281755304569937 0.062400186853854775 0.18754336332292168
0.002751581714124363 0.0625112192148047 0.18754776510920387
0.002774987897791732 0.06262264741304854 0.18755216710211747
0.0027983940814591012 0.06273447356914327 0.18755656930167708
0.0028218002651264704 0.06284669981881975 0.1875609717078972
0.0028452064487938396 0.0629593283131187 0.18756537432079246
0.0028699640031584254 0.06307236121852824 0.18757003134623948
0.0028947215575230107 0.06318580071712272 0.1875746886029491
0.0029194791118875964 0.06329964900670312 0.18757934609093851
0.002944236666252182 0.06341390830093907 0.18758400381022494
0.002971578897119017 0.06352858082951218 0.1875891480619138
0.0029989211279858523 0.06364366883826131 0.18759429259575947
0.003026263358852687 0.06375917458932892 0.18759943741178514
0.0030536055897195224 0.06387510036130951 0.18760458251001408
0.0030833464156557753 0.06399144844939934 0.18761017928203427
0.003113087241592028 0.06410822116554789 0.18761577638799937
0.003142828067528281 0.06422542083861105 0.18762137382793914
0.003172568893464534 0.06434304981450593 0.1876269716018836
0.0032077036216547413 0.0644611104563674 0.1876335850384765
0.003242838349844949 0.06457960514470633 0.18764019894130388
0.0032779730780351565 0.06469853627756951 0.1876468133104151
0.0033131078062253634 0.06481790627070154 0.1876534281458595
0.003352164622205251 0.06493771755770839 0.18766078194240718
0.0033912214381851386 0.06505797259022265 0.18766813631534132
0.003430278254165026 0.06517867383807095 0.18767549126472963
0.003469335070144914 0.06529982378944282 0.18768284679063987
0.003508391886124801 0.0654214249510619 0.18769020289313992
0.0035510107107563083 0.06554347984835865 0.1876982305352251
0.003593629535387815 0.0656659910256453 0.1877062588640354
0.0036362483600193216 0.06578896104629259 0.18771428787965908
0.0036788671846508286 0.06591239249290852 0.18772231758218416
0.003723997187695341 0.06603628796751924 0.18773082115824152
0.0037691271907398538 0.06616065009175186 0.18773932550473554
0.0038142571937843663 0.06628548150701932 0.187747830621771
0.003859387196828879 0.06641078487470746 0.18775633650945256
0.003913571939957981 0.0665365628763641 0.18776655000958473
0.003967756683087083 0.06666281821389039 0.18777676462095777
0.004021941426216185 0.06678955360973429 0.18778698034375307
0.004076126169345286 0.06691677180708616 0.18779719717815205
0.0041375955814583094 0.0670444755700768 0.18780878892341304
0.004199064993571333 0.06717266768397752 0.1878203820997588
0.004260534405684356 0.06730135095540275 0.18783197670745427
0.004322003817797379 0.06743052821251486 0.1878435727467647
0.004383473229910401 0.06756020230523123 0.18785517021795517
0.004443038515268328 0.067690376105434 0.187866409802683
0.004502603800626254 0.06782105250718193 0.18787765073244514
0.00456216908598418 0.06795223442692504 0.18788889300748302
0.004621734371342106 0.0680839248037214 0.18790013662803817
0.004683957688898884 0.06821612659945678 0.18791188341938214
0.004746181006455662 0.06834884279906661 0.18792363167954612
0.00480840432401244 0.0684820764107607 0.18793538140880553
0.004870627641569217 0.06861583046625047 0.18794713260743592
0.004932850959125995 0.06875010802097895 0.18795888527571303
0.004995583607085133 0.0688849121543534 0.1879707356337482
0.005058316255044271 0.06902024596998081 0.187982587486151
0.005121048903003409 0.06915611259590598 0.1879944408332041
0.005183781550962547 0.06929251518485255 0.18800629567519037
0.005250960824033361 0.06942945691446688 0.18801899247184836
0.005318140097104177 0.06956694098756483 0.1880316909835504
0.005385319370174734 0.06970497063238142 0.1880443912106439
0.00545249864324529 0.06984354910282355 0.18805709315347646
0.005519677916315848 0.06998267967872558 0.18806979681239586
0.005586850027026387 0.07012236566610826 0.1880825008330669
0.005654022137736926 0.07026261039744047 0.18809520657015433
0.0057211942484474655 0.07040341723190428 0.18810791402400606
0.005788366359158005 0.07054478955566314 0.18812062319497008
0.0058599912807091 0.07068673078213328 0.18813417674352492
0.005933026993813639 0.07082924435225854 0.18814799926668574
0.006006062706918177 0.07097233373478835 0.18816182382112226
0.006079098420022716 0.07111600242655917 0.18817565040728215
0.006152134133127254 0.07126025395277939 0.18818947902561342
0.006227071264474931 0.07140509186731757 0.18820366977211112
0.006302008395822608 0.07155051975299438 0.18821786265892484
0.006376945527170285 0.07169654122187803 0.18823205768653872
0.0064518826585179614 0.07184315991558331 0.18824625485543722
0.006526819789865639 0.07199037950557427 0.18826045416610493
0.006600534747820425 0.07213820369347072 0.18827442398584898
0.006674249705775306 0.07228663621135852 0.1882883958790008
0.006747964663730094 0.07243568082210358 0.18830236984602206
0.006821679621684881 0.07258534131966991 0.18831634588737453
0.006900429589267141 0.0727356215294415 0.18833127883727777
0.006979179556849399 0.07288652530854821 0.18834621415564956
0.007057929524431659 0.07303805654619593 0.18836115184305352
0.007136679492013918 0.0731902191640005 0.1883760919000533
0.007215468758272362 0.07334301711632617 0.18839104178453925
0.007295702250880605 0.07349645439062813 0.18840626814277373
0.007375935743488849 0.07365053500779925 0.1884214969624918
0.007456169236097092 0.07380526302252151 0.18843672824429034
0.007536402728705336 0.07396064252362156 0.1884519619887665
0.007616671403830644 0.07411667763443087 0.18846720487815988
0.007696940078955951 0.0742733725131506 0.1884824502335872
0.00777720875408126 0.07443073135322086 0.18849769805564706
0.007857477429206568 0.07458875838369479 0.188512948344938
0.007937746104331875 0.07474745786961753 0.18852820110205906
0.008013653691099257 0.07490683411240989 0.188542627430442
0.008089561277866638 0.07506689145025691 0.18855705596682223
0.00816546886463402 0.0752276342585016 0.18857148671170668
0.008241376451401399 0.07538906695004344 0.18858591966560245
0.008317882086886231 0.07555119397574245 0.1886004685672786
0.008399610681170129 0.07571401982482809 0.18861601318721152
0.008481339275454027 0.07587754902531368 0.1886315603697587
0.008563067869737925 0.0760417861444161 0.18864711011555388
0.008644796464021822 0.076206735788981 0.18866266242523105
0.008727796026984702 0.07637240260591356 0.18867845921491805
0.008810795589947582 0.0765387912826149 0.1886942586501678
0.008893795152910462 0.0767059065474241 0.18871006073164504
0.00897679471587334 0.07687375317006617 0.18872586546001455
0.00905979427883622 0.07704233596210579 0.18874167283594154
0.009144702673068137 0.07721165977740711 0.1887578464915786
0.009229611067300055 0.07738172951259964 0.18877402291935974
0.009314519461531974 0.07755255010755019 0.18879020211999772
0.009399427855763892 0.07772412654584125 0.1888063840942056
0.009490124192479086 0.07789646385525552 0.18882367220793775
0.009580820529194279 0.0780695671082672 0.1888409634879426
0.00967151686590947 0.0782434414225395 0.18885825793508998
0.009762213202624664 0.0784180919614291 0.18887555555025023
0.009856411026101733 0.07859352393449719 0.18889352432411188
0.00995361012394612 0.07876974259802745 0.1889120691926561
0.010050809221790509 0.0789467532555511 0.18893061770289127
0.010148008319634897 0.07912456125837891 0.18894916985589016
0.010245207417479285 0.07930317200614048 0.188967725652726
0.010340562526159535 0.07948259094733087 0.18898593296458943
0.010435917634839788 0.0796628235798645 0.18900414378539224
0.010531272743520038 0.0798438754516369 0.18902235811614898
0.01062662785220029 0.08002575216109394 0.18904057595787443
0.010721982960880541 0.08020845935780875 0.18905879731158387
0.010817714778106322 0.08039200274306692 0.1890770941841619
0.0109134465953321 0.08057638807045928 0.18909539459857935
0.01100917841255788 0.08076162114648332 0.1891136985558647
0.01110491022978366 0.08094770783115263 0.1891320060570469
0.011210861427858022 0.08113465403861486 0.18915227201856916
0.011316812625932385 0.08132246573777835 0.18917254232365255
0.011422763824006745 0.0815111489529472 0.18919281697369353
0.011528715022081108 0.08170070976446568 0.18921309597008934
0.01163466622015547 0.08189115430937119 0.18923337931423775
0.011742484096917324 0.08208248878205662 0.18925402448094963
0.011850301973679178 0.082274719434942 0.1892746741528859
0.011958119850441032 0.0824678525791555 0.1892953283315214
0.012065937727202885 0.08266189458522409 0.18931598701833163
0.012182549031830433 0.08285685188377415 0.18933833566606148
0.012299160336457983 0.08305273096624169 0.18936068959090527
0.012415771641085533 0.08324953838559297 0.18938304879473244
0.012532382945713082 0.08344728075705521 0.18940541327941315
0.012649719731140187 0.08364596475885772 0.18942792223371316
0.012769163865556474 0.08384559713298385 0.18945084094064304
0.012888607999972762 0.08404618468593358 0.18947376519406972
0.01300805213438905 0.08424773428949696 0.18949669499600696
0.013127496268805338 0.08445025288153905 0.1895196303484694
0.013254163534002193 0.08465374746679576 0.18954395873414906
0.013380830799199045 0.08485822511768173 0.18956829336663636
0.0135074980643959 0.08506369297510953 0.1895926342483376
0.013634165329592753 0.08527015824932095 0.18961698138166036
0.01378191122360644 0.08547762822073052 0.18964538800972083
0.013929657117620127 0.08568611024078109 0.18967380315028293
0.014077403011633812 0.08589561173281231 0.18970222680717344
0.0142251489056475 0.08610614019294174 0.1897306589842217
0.014383876129811757 0.0863177031909588 0.18976121390323125
0.014542603353976013 0.08653030837123213 0.18979177866517777
0.01470133057814027 0.08674396345363022 0.18982235327481808
0.014860057802304528 0.08695867623445604 0.18985293773691234
0.015018785026468784 0.08717445458739513 0.18988353205622352
0.015184508968035366 0.0873913064644782 0.18991548550096266
0.01535023290960195 0.08760923989705796 0.18994744970171062
0.01551595685116853 0.0878282629968006 0.18997942466389936
0.015681680792735114 0.08804838395669233 0.19001141039296435
0.015854920347850382 0.0882696110520609 0.1900448581974435
0.016028159902965654 0.08849195264161268 0.19007831777966366
0.016201399458080922 0.08871541716848547 0.1901117891458468
0.01637463901319619 0.08894001316131707 0.19014527230221923
0.016547878568311462 0.08916574923533055 0.1901787672550116
0.01672673368669954 0.08939263409343572 0.19021336033009828
0.016905588805087617 0.08962067652734754 0.19024796599227417
0.017084443923475696 0.08984988541872185 0.19028258424841052
0.017263299041863776 0.0900802697403083 0.19031721510538344
0.017451151607754282 0.09031183855712144 0.19035360167003026
0.01763900417364479 0.09054460102762947 0.19039000215076202
0.017826856739535293 0.09077856640496185 0.19042641655556358
0.0180147093054258 0.09101374403813531 0.19046284489242596
0.018202561871316306 0.09125014337329933 0.19049928716934614
0.018398374970572756 0.09148777395500063 0.1905372885895513
0.018594188069829203 0.09172664542746799 0.19057530517407636
0.018790001169085652 0.09196676753591684 0.19061333693200008
0.018985814268342102 0.09220815012787463 0.19065138387240843
0.019182014984237127 0.09245080315452696 0.1906895213643525
0.01937826638846181 0.09269473667208507 0.1907276839759447
0.019574517792686492 0.09293996084317523 0.19076586186552846
0.019770769196911175 0.09318648593824995 0.19080405504228015
0.01996702060113586 0.0934343223370219 0.19084226351538355
0.020177557839905144 0.09368348052992065 0.19088327033608102
0.020388095078674427 0.09393397111957284 0.19092429478307063
0.020598632317443712 0.09418580482230626 0.19096533686771944
0.020809169556212995 0.09443899246967805 0.1910063966014044
0.021033223621412096 0.09469354501002758 0.19105011183328985
0.021257277686611193 0.09494947351005471 0.19109384707978225
0.021481331751810294 0.09520678915642342 0.19113760235462993
0.02170538581700939 0.09546550325739195 0.19118137767159382
0.021960585294657012 0.09572562724446931 0.1912312625606731
0.022215784772304632 0.095987172674099 0.19128117348943974
0.022470984249952253 0.09625015122937053 0.19133111047828796
0.022726183727599873 0.09651457472175891 0.1913810735476333
0.022981724823180106 0.09678045509289322 0.191431129652468
0.023249307950884947 0.09704780441635424 0.19148357265642948
0.02351689107858979 0.09731663489950203 0.19153604440203098
0.023784474206294634 0.09758695888533402 0.19158854491290703
0.024052057333999476 0.09785878885437393 0.191641074212718
0.02431851656396713 0.09813213742659285 0.19169341151124406
0.02458495756856607 0.098407017363362 0.19174577382155938
0.024851398573165016 0.09868344156943885 0.19179816474590658
0.025117839577763958 0.09896142309498661 0.19185058430774676
0.02540424712044259 0.09924097513762781 0.19190696404698807
0.025706731615860713 0.09952211104453325 0.19196654454812734
0.02600921611127884 0.09980484431454613 0.19202616205614215
0.02631170060669696 0.10008918860034255 0.19208581660552188
0.02661418510211508 0.10037515771062927 0.19214550823079896
0.026937610415164997 0.10066276561237893 0.1922093733249757
0.02726103572821491 0.10095202643310414 0.1922732808880754
0.02758446104126483 0.1012429544631707 0.1923372309624736
0.027907886354314744 0.10153556415815096 0.1924012235906021
0.028255002505242464 0.10182987014121805 0.1924699510575186
0.028602118656170183 0.10212588720558209 0.1925387276421328
0.028949234807097903 0.10242363031696863 0.1926075533971183
0.029296350958025623 0.10272311461614103 0.19267642837522392
0.029643467108953343 0.10302435542146696 0.192745352629274
0.029977400983987223 0.10332736823153009 0.1928117059313141
0.0303113348590211 0.10363216872778833 0.19287810493382715
0.030645268734054976 0.10393877277727881 0.1929445496840432
0.030979202609088853 0.10424719643537163 0.19301104022925764
0.03131883013189262 0.10455745594857213 0.1930787114749739
0.0316657551469085 0.10486956775737384 0.19314788576601416
0.03201268016192438 0.10518354849916242 0.19321710964095176
0.03235960517694026 0.1054994150111719 0.19328638315311822
0.03275520476702644 0.10581718433349468 0.19336543657818853
0.0331700602329646 0.10613687371214572 0.1934484074347875
0.03358491569890277 0.10645850060218251 0.1935314495256085
0.03399977116484094 0.1067820826708822 0.19361456294242774
0.034414626630779106 0.10710763780097635 0.1936977477771789
0.03483717550931938 0.10743518409394567 0.1937825487703608
0.03525972438785966 0.10776473987337495 0.1938674240479184
0.03568227326639994 0.10809632368836994 0.1939523737075025
0.036104822144940214 0.1084299543170378 0.19403739784693508
0.036549588188421266 0.1087656507700317 0.19412697302866702
0.03699955698571756 0.10910343229416224 0.1942176802357199
0.03744952578301385 0.1094433183760755 0.1943084722495729
0.037899494580310146 0.10978532874600072 0.19439934918921703
0.03844573167827204 0.11012948338156817 0.1945097830355897
0.03899196877623393 0.11047580251169886 0.19462034242318946
0.03953820587419583 0.11082430662056858 0.19473102756621105
0.04008444297215772 0.11117501645164632 0.19484183867933674
0.04063068007011962 0.11152795301181027 0.19495277597773766
0.04114367397948756 0.11188313757554219 0.19505707688703655
0.0416566678888555 0.11224059168920204 0.19516148945930514
0.042169661798223436 0.11260033717538538 0.19526601387395645
0.04268265570759138 0.11296239613736411 0.19537065031078807
0.04319564961695932 0.11332679096361366 0.1954753989499833
0.043702093729338684 0.11369354433242798 0.1955789204198768
0.04420853784171805 0.11406267921662416 0.19568255159537246
0.04471498195409741 0.11443421888833955 0.19578629265095143
0.04522142606647678 0.11480818692392235 0.19589014376146505
0.04581956973873589 0.1151846072089188 0.19601294071498968
0.046417713410995 0.11556350394315865 0.19613589171965748
0.04701585708325411 0.1159449016459414 0.19625899706554073
0.047614000755513225 0.11632882516132531 0.19638225704344026
0.04831824888641406 0.11671529966352237 0.19652758066376091
0.049022497017314905 0.11710435066240077 0.19667311952342773
0.04972674514821574 0.11749600400909777 0.1968188741009828
0.05043099327911658 0.11789028590174579 0.19696484487638782
0.051153843014742656 0.11828722289131394 0.19711489658392586
0.051879909569230984 0.11868684188756838 0.19726584637946917
0.05260597612371932 0.11908917016515334 0.19741702754568863
0.05333204267820765 0.11949423536979671 0.19756844061494783
0.05413447721029757 0.11990206552464247 0.19773604978917061
0.05497210090853724 0.12031268903671316 0.19791131276443188
0.05580972460677691 0.12072613470350597 0.19808688670333122
0.05664734830501658 0.12114243171972494 0.19826277243420304
0.05757247634864727 0.12156160968415304 0.19845739583619815
0.05855117848129286 0.12198369860666751 0.19866370622939705
0.059529880613938456 0.12240872891540154 0.19887044601725223
0.06050858274658405 0.12283673146405677 0.19907761654171138
0.06148908690362612 0.12326773753936925 0.1992856017956592
0.06256990375207226 0.12370177886873321 0.1995153695798765
0.06365072060051839 0.12413888762798675 0.19974566780054065
0.06473153744896452 0.12457909644936255 0.19997649829660388
0.06581235429741067 0.1250224384296094 0.2002078629155287
0.0669430671669484 0.12546894713828655 0.20045048220189302
0.06807378003648612 0.12591865662623739 0.2006936902317514
0.06920449290602385 0.1263716014342455 0.2009374891506875
0.07033520577556157 0.12682781660187814 0.2011818811147231
0.0715509641444573 0.12728733767652262 0.20144531889772432
0.07278816255520798 0.12775020072261903 0.20171411165718722
0.07402536096595866 0.12821644233109575 0.20198362268680742
0.07526255937670934 0.1286860996290119 0.20225385486948766
0.07649975778746002 0.12915921028941266 0.2025248111035794
0.07780160065718601 0.12963581254140308 0.20281070997465278
0.07910344352691201 0.1301159451804453 0.203097417178441
0.080405286396638 0.13059964757888562 0.20338493614794165
0.081707129266364 0.13108695969671733 0.2036732703356201
0.08302090813191025 0.13157792209258518 0.20396507812100648
0.08434099280656908 0.1320725759350385 0.20425912991504538
0.0856610774812279 0.13257096301403865 0.20455403078869208
0.08698116215588673 0.13307312575272814 0.20484978442486182
0.08830124683054556 0.1335791072194686 0.20514639452780026
0.08974474896421915 0.1340889511401536 0.20547172004268122
0.09118825109789273 0.1346027019108055 0.20579807901267638
0.0926317532315663 0.13512040461046246 0.20612547637005443
0.09407525536523989 0.13564210501436383 0.20645391707852034
0.09558746474626091 0.13616784960744274 0.20679911524637534
0.09709967412728193 0.13669768559813322 0.20714546971441714
0.09861188350830295 0.13723166093250094 0.20749298630222987
0.10012409288932396 0.1377698243087068 0.2078416708685161
0.10163630227034498 0.13831222519181194 0.20819152931142595
0.10319431312938719 0.13885891382893373 0.20855321821257433
0.10475232398842939 0.1394099412647629 0.2089161660172656
0.10631033484747161 0.13996535935745116 0.2092803793096156
0.10786834570651381 0.14052522079488095 0.20964586471973373
0.10948766785760752 0.14108957911132622 0.21002708817995147
0.11110699000870124 0.14165848870451703 0.2104097006118153
0.11272631215979496 0.1422320048531184 0.21079370962016883
0.11434563431088868 0.14281018373463514 0.21117912286547424
0.11620323508510577 0.14339308244375606 0.21162298792326403
0.11806083585932287 0.1439807590111485 0.21206872277912728
0.11991843663353996 0.14457327242271698 0.21251633927289276
0.12177603740775705 0.14517068263933985 0.2129658493445627
0.12363363818197415 0.14577305061709642 0.21341726503537445
0.1255426706696094 0.146380438328001 0.2138831774117814
0.12745170315724466 0.1469929087812562 0.21435112851055171
0.1293607356448799 0.14761052604504296 0.214821131742477
0.13126976813251515 0.1482333552688618 0.21529320063622936
0.1332863980453637 0.1488614627064417 0.21579413509422884
0.13530302795821228 0.14949491573923507 0.21629740609195278
0.13731965787106082 0.15013378290051382 0.21680303001531717
0.13933628778390938 0.15077813390008682 0.21731102340381422
0.14135291769675795 0.15142803964965626 0.2178214029523155
0.1432999887342359 0.1520835722888322 0.21831645809350153
0.14524705977171387 0.15274480521182712 0.21881376864085705
0.14719413080919183 0.1534118130948482 0.21931335004257307
0.1491412018466698 0.15408467192421155 0.21981521788824493
0.1513780647485696 0.15476345902519933 0.22039462372934135
0.15361492765046939 0.1554482530916825 0.2209770921278326
0.15585179055236956 0.1561391342165344 0.22156264742963672
0.15808865345426973 0.1568361839228582 0.22215131423940898
0.16041891047218854 0.15753948519605485 0.22276789513374215
0.16282115878787165 0.15824912251675788 0.2234071179312253
0.1652234071035548 0.15896518189466174 0.22405001972953728
0.16762565541923793 0.1596877509032738 0.224696632381679
0.17002790373492105 0.1604169187156175 0.22534698810942888
0.17255719854820004 0.1611527761409185 0.2260358199745598
0.17508649336147902 0.16189541566230517 0.2267288759403987
0.177615788174758 0.1626449314755567 0.22742619498141464
0.180145082988037 0.16340141952893136 0.22812781655302972
0.182766098515466 0.16416497756411325 0.2288594633292315
0.1854051693015859 0.16493570515831094 0.2296009071747337
0.18804424008770582 0.16571370376754824 0.2303471707970977
0.19068331087382576 0.166499076771186 0.23109830134621853
0.19332238165994567 0.16729192951771543 0.23185434658900056
0.19601162085962526 0.16809236937186717 0.23262986998416446
0.19870086005930487 0.16890050576307802 0.23341059884582788
0.2013900992589845 0.16971645023536341 0.23419658576065888
0.20407933845866408 0.170540316498642 0.23498788402604
0.20684814784225858 0.17137222048156217 0.23580820192172705
0.2096510587332452 0.1722122803858835 0.23664447732217364
0.21245396962423177 0.17306061674246417 0.23748670540433625
0.21525688051521838 0.17391735246891202 0.23833494995279353
0.218059791406205 0.17478261292895644 0.23918927566668258
0.2207603922979037 0.1756565259936012 0.24001823092609892
0.22346099318960244 0.1765392221041218 0.2408529519675124
0.22616159408130118 0.17743083433697085 0.2416934991565338
0.2288621949729999 0.17833149847066104 0.24253993370439916
0.23156279586469863 0.17924135305469513 0.24339231768282937
0.2342639805120478 0.1801605394806166 0.24425090024271368
0.23696516515939697 0.18108920205525894 0.24511556166013723
0.23966634980674614 0.18202748807627062 0.24598636672290733
0.2423675344540953 0.18297554791000117 0.24686338114278222
0.24506871910144448 0.18393353507183374 0.24774667157200103
0.24757022067924486 0.18490160630905392 0.24857032144188207
0.2500717222570452 0.18587992168635045 0.2493994661344287
0.2525732238348456 0.1868686446740438 0.2502341608201593
0.255074725412646 0.1878679422391456 0.25107446141065537
0.25757622699044636 0.18887798493935617 0.2519204245710458
0.25990504619983695 0.18989894702010943 0.2527131297786228
0.26202797489304663 0.1909310065147839 0.2534401112035354
0.2641509035862563 0.191974345348198 0.25417128731927224
0.266273832279466 0.19302914944351773 0.2549066945359951
0.2683967609726757 0.19409560883270857 0.2556463696864785
0.2705101730361951 0.19517391777066803 0.25638700526729136
0.2724300802960128 0.1962642748531857 0.2570635578011507
0.27434998755583045 0.1973668831388777 0.25774369034768596
0.2762698948156481 0.1984819502752555 0.25842743139801116
0.2781898020754658 0.19960968862909234 0.2591148097463688
0.28030227554649395 0.20075031542125854 0.25987536955216134
0.28241474901752206 0.20190405286620827 0.26064040732739563
0.2845272224885502 0.20307112831630192 0.26140996273643885
0.2866396959595784 0.2042517744111641 0.2621840759134904
0.2888439153058875 0.20544622923228198 0.26299671216151077
0.2910561707872577 0.20665473646306026 0.2638173920152415
0.2932684262686279 0.20787754555455762 0.2646432097560354
0.29548068174999814 0.20911491189714426 0.2654742137842066
0.29769293723136836 0.2103670969983247 0.26631045310991025
0.2998791274135785 0.2116343686669893 0.26714203137132964
0.3020653175957886 0.2129170012043651 0.26797881925558814
0.30425150777799875 0.2142152756019527 0.2688208658719248
0.30643769796020887 0.2155294797467499 0.26966822094877074
0.3086537208870182 0.21685990863407548 0.2705326082729075
0.3109327240524258 0.21820686458832433 0.2714273607769385
0.3132117272178334 0.21957065749200158 0.27232805148309025
0.31549073038324105 0.22095160502339772 0.27323473970326106
0.3177697335486487 0.22235003290329264 0.27414748554187957
0.32005261953042713 0.22376627515108427 0.275067920666214
0.3223355055122056 0.22520067435077065 0.275994557232293
0.3246183914939841 0.22665358192722743 0.2769274581253844
0.32690127747576253 0.22812535843324833 0.2778666870838842
0.329184163457541 0.2296163738478447 0.2788123087138334
0.33146593860656814 0.2311270078863173 0.27976392364866576
0.33374771375559525 0.23265765032265048 0.28072205674892753
0.3360294889046224 0.23420870132480168 0.28168677521483765
0.33831126405364953 0.23578057180349157 0.28265814717355103
0.3407058434416328 0.23737368377513676 0.283684771429711
0.34310431263095936 0.23898847073959342 0.2847205663007056
0.345502781820286 0.24062537807342618 0.285763952715302
0.34790125100961256 0.24228486343945002 0.28681501444033825
0.3502997201989391 0.24396739721333502 0.2878738364796054
0.3527033622058651 0.24567346292811354 0.28894281414093753
0.35510700421279107 0.24740355773746642 0.29001976037884913
0.35751064621971707 0.24915819289872498 0.29110476462799906
0.35991428822664306 0.25093789427657326 0.29219791766642206
0.362317930233569 0.252743202868491 0.2932993116408466
0.3647065356584768 0.25457467535304523 0.29440207180796585
0.36709514108338465 0.2564328846621915 0.29551315568718955
0.36948374650829247 0.2583184205788252 0.29663265787749327
0.37187235193320023 0.2602318903608908 0.2977606744167933
0.37439222637512176 0.26217391939343465 0.2989600193496811
0.3769121008170433 0.264145151870077 0.3001690649962158
0.3794319752589648 0.2661462515054563 0.3013879295283597
0.38195184970088636 0.268177902280307 0.3026167330452938
0.3844717241428079 0.27024080922092475 0.30385559761286657
0.386992524544143 0.27233569921488565 0.3051051081703697
0.3895133249454781 0.2744633218650019 0.3063649375991718
0.3920341253468132 0.2766244503836239 0.3076352142542481
0.3945549257481483 0.27881988252952555 0.30891606862822285
0.39735960827887384 0.2810504415897617 0.3103537610116815
0.4001642908095994 0.2833169774090343 0.31180489797888417
0.402968973340325 0.2856203674692703 0.31326966900636133
0.4057736558710505 0.287961518022297 0.31474826714787635
0.4085783384017761 0.29034136527867954 0.3162408891192465
0.4113641161603159 0.2927608766560018 0.31773753052259185
0.4141498939188556 0.29522105209008614 0.3192484052948166
0.41693567167739537 0.2977229254128834 0.32077371744944305
0.41972144943593515 0.30026756580102765 0.32231367491767304
0.42270473416179927 0.3028560792993123 0.3239792930514419
0.4256880188876635 0.305489610423654 0.32566221541462276
0.4286713036135276 0.30816934384842326 0.3273627130776709
0.4316545883393918 0.310896506183365 0.32908106280251265
0.43506252115494215 0.3136723678457164 0.33106621371725387
0.43847045397049256 0.31649824503351554 0.3330754604645083
0.44187838678604296 0.3193755018065474 0.33510924443720747
0.44528631960159337 0.3223055522818372 0.3371680178752298
0.4486942524171438 0.3252898629511134 0.33925224420065625
0.4520832460925981 0.3283299551282265 0.34135059892658964
0.4554722397680524 0.3314274075350965 0.34347507283841006
0.4588612334435067 0.3345838590354306 0.34562615666656166
0.462250227118961 0.33780101152615627 0.3478043535121672
0.4660045072511255 0.341080632997284 0.35024960818566514
0.46975878738328997 0.344424560771767 0.35272948925492553
0.4735130675154544 0.34783470493782404 0.35524473746306057
0.4772673476476189 0.35131305198720214 0.35779611483333146
0.4810334526398495 0.354861668673942 0.36039261694147096
0.484862229390431 0.35848270610939026 0.36307124575021454
0.4886910061410125 0.3621784041105179 0.36578999069941154
0.49251978289159404 0.36595109582000235 0.36854975977960436
0.49634855964217556 0.3698032126181075 0.3713514885916455
0.5003986030683588 0.3737372893480879 0.37436186779476804
0.5044486464945421 0.37775596987871235 0.3774214534682823
0.5084986899207253 0.3818620130295678 0.3805314620179507
0.5125487333469086 0.38605829888703547 0.38369315027610945
0.5170193461264923 0.39034783554133573 0.3872447283513512
0.5214899589060759 0.3947337662777551 0.39086266963307686
0.5259605716856595 0.3992193772581847 0.39454885171319926
0.5304311844652431 0.40380810573241654 0.398305223687412
0.5349495764916797 0.4085035488223282 0.40217512479022244
0.5397469993197387 0.4133094729261202 0.40636717594837757
0.5445444221477975 0.41822982379428814 0.4106475388668907
0.5493418449758564 0.42326873733397896 0.4150190338798694
0.5541392678039153 0.4284305512039054 0.41948460270762306
0.5590300357634563 0.43371981726815095 0.42413707797993594
0.5639208037229975 0.4391413149840027 0.42889391125505516
0.5688115716825385 0.44470006580658483 0.4337586535845132
0.5737023396420796 0.45040134870154175 0.43873501897986555
0.5786160486379023 0.45625071686649665 0.44385105674678876
0.5837637562037984 0.4622540157726346 0.4493402842636148
0.5889114637696944 0.4684174026496029 0.4549669855143395
0.5940591713355904 0.47474736755027297 0.4607363903836911
0.5992068789014864 0.4812507561468529 0.46665399744281716
0.6043464697115343 0.48793479442667004 0.4727158935542472
0.6091289232642644 0.49480711547493283 0.4784997489969178
0.6139113768169946 0.501875788553146 0.4844268928886613
0.6186938303697247 0.5091493507060898 0.49050271672644447
0.6234762839224548 0.5166368411576509 0.49673288592978093
0.6283539468750363 0.5243478387868693 0.5032522491105703
0.6332316098276177 0.5322925030109126 0.5099450146734265
0.6381092727801991 0.5404816184418495 0.5168181941136265
0.6429869357327807 0.5489266437300031 0.5238791821024618
0.6478645986853621 0.5576397650590519 0.5311357830253738
0.6527060195735765 0.5666339548180686 0.5385400342342772
0.6575474404617909 0.575923036044594 0.5461536405521783
0.6623888613500054 0.5855217533120036 0.5539856085794089
0.6672302822382199 0.595445850825766 0.562045469059462
0.6720777171042943 0.6057121585986254 0.5703537754635879
0.6769461149789097 0.6163386876968465 0.578948964182846
0.6818145128535249 0.6273447356914328 0.5878071743168644
0.6866829107281401 0.6387510036130948 0.5969406665396418
0.6915513086027554 0.6505797259022258 0.6063624755902441
0.6967393601288374 0.6628548150701938 0.6167358618898356
0.7019274116549195 0.6756020230523125 0.627470352596384
0.7071154631810014 0.688849121543534 0.6385851371313238
0.7123035147070834 0.7026261039744043 0.6501007890929886
0.7178591170776787 0.7169654122187794 0.6629018459536679
0.7234147194482741 0.7319021916400036 0.6762171570920836
0.7289703218188693 0.7474745786961758 0.690078346265866
0.7345259241894646 0.7637240260591356 0.7045196844067216
0.7400815265600599 0.7806956710826715 0.7195783725292704
0.7458964533817366 0.7984387545163679 0.7360452642134111
0.7517113802034133 0.817007097644655 0.7532834660784389
0.75752630702509 0.8364596475885777 0.7713484700691124
0.7633412338467668 0.8568611024078108 0.7903012220857438
0.7691768530476716 0.8782826299680054 0.8102814409112614
0.7750221013755441 0.9008026974030816 0.831333714341456
0.7808673497034165 0.9245080315452673 0.8535091044400175
0.786712598031289 0.9494947351005479 0.8768999499353545
0.7925578463591615 0.9758695888533401 0.9016089971377164
0.7983805989953752 1.003751577106292 0.9276473949246297
0.804203351631589 1.0332736823152995 0.9552344928616222
0.8100261042678026 1.0645850060218227 0.9845126952171344
0.8158488569040164 1.0978532874600087 1.0156424172220289
0.8218933841360664 1.133267909636137 1.0501109753895346
0.8281169342346348 1.1710435066240072 1.0881334427878921
0.8343404843332034 1.2114243171972474 1.1290127908160459
0.8405640344317719 1.254689471382862 1.1730835727160143
0.8467875845303403 1.3011594518044554 1.2207347004802098
0.8530111346289088 1.351204046104625 1.2724209526757024
0.8582419500780105 1.4052522079488086 1.3193727778502133
0.8634727655271124 1.4638043832800072 1.3699223662612632
0.8687035809762141 1.527448052118266 1.4244997197853624
0.873934396425316 1.5968775090327416 1.4836062082342933
0.8793475460547584 1.6729192951771554 1.5501691510815792
0.8848801560092516 1.7565652599360109 1.6246696105949843
0.8904127659637449 1.8490160630905346 1.7066925153556491
0.8959453759182381 1.951739177706672 1.7974377761553637
0.9014779858727313 2.0665473646306083 1.8983748329241503
0.9074781023759257 2.1957065749200173 2.02148590669998
0.9134782188791202 2.3420870132480145 2.161672005421409
0.9194783353823146 2.509378942765724 2.322750193953712
0.925478451885509 2.7024080922092346 2.5097668639526765
0.9315241292391438 2.927608766560033 2.7313520811059204
0.9375791969970679 3.1937550180654832 2.996304166407778
0.9436342647549919 3.5131305198720217 3.318181006514388
0.949689332512916 3.903478355413344 3.717535891492995
0.95574440027084 4.391413149839993 4.226170546841989
0.9614644315684596 5.018757885531504 4.853482632297797
0.9671560163741665 5.855217533120066 5.694550156854122
0.9728476011798735 7.0262610397440435 6.888220571125686
0.9785391859855803 8.782826299679986 8.715033455046788
0.9842307707912873 11.71043506623983 11.860548770821783
0.9896738507986109 17.565652599359293 18.112435571146396
0.9948369253993055 35.1313051987213 36.22487114229279
