0.01 147097.06875
0.014949494949494949 146731.21136363636
0.0198989898989899 146365.35397727272
0.02484848484848485 145999.49659090908
0.029797979797979796 145633.63920454547
0.03474747474747475 145267.78181818183
0.039696969696969696 144901.9244318182
0.04464646464646465 144536.06704545455
0.049595959595959596 144170.2096590909
0.05454545454545454 143804.3522727273
0.059494949494949496 143438.49488636362
0.06444444444444444 143072.63749999998
0.06939393939393938 142706.78011363637
0.07434343434343434 142340.92272727273
0.07929292929292929 141975.0653409091
0.08424242424242423 141609.20795454545
0.08919191919191918 141243.3505681818
0.09414141414141414 140877.4931818182
0.09909090909090908 140511.63579545455
0.10404040404040403 140145.7784090909
0.10898989898989898 139779.92102272727
0.11393939393939392 139414.06363636363
0.11888888888888888 139048.20625000002
0.12383838383838383 138682.34886363638
0.12878787878787878 138316.4914772727
0.13373737373737374 137950.6340909091
0.1386868686868687 137584.77670454545
0.14363636363636365 137218.9193181818
0.1485858585858586 136853.06193181817
0.15353535353535352 136487.20454545453
0.15848484848484848 136121.34715909092
0.16343434343434343 135755.48977272728
0.16838383838383839 135389.63238636364
0.17333333333333334 135023.775
0.1782828282828283 134657.91761363635
0.18323232323232325 134292.06022727274
0.18818181818181817 133926.2028409091
0.19313131313131313 133560.34545454546
0.19808080808080808 133194.48806818182
0.20303030303030303 132828.63068181818
0.207979797979798 132462.77329545454
0.21292929292929294 132096.9159090909
0.21787878787878787 131731.05852272728
0.22282828282828282 131365.20113636364
0.22777777777777777 130999.34375
0.23272727272727273 130633.48636363637
0.23767676767676768 130267.62897727272
0.24262626262626263 129901.7715909091
0.24757575757575756 129535.91420454545
0.2525252525252525 129170.05681818181
0.25747474747474747 128804.19943181818
0.26242424242424245 128438.34204545454
0.2673737373737374 128072.48465909091
0.2723232323232323 127706.62727272727
0.2772727272727273 127340.76988636363
0.2822222222222222 126974.9125
0.2871717171717172 126609.05511363636
0.2921212121212121 126243.19772727274
0.29707070707070704 125877.3403409091
0.302020202020202 125511.48295454546
0.30696969696969695 125145.62556818183
0.31191919191919193 124779.76818181819
0.31686868686868686 124413.91079545456
0.32181818181818184 124048.0534090909
0.32676767676767676 123682.19602272726
0.3317171717171717 123316.33863636364
0.33666666666666667 122950.48125
0.3416161616161616 122584.62386363637
0.3465656565656566 122218.76647727273
0.3515151515151515 121852.90909090909
0.3564646464646465 121487.05170454545
0.3614141414141414 121121.19431818182
0.36636363636363634 120755.3369318182
0.3713131313131313 120389.47954545455
0.37626262626262624 120023.62215909091
0.3812121212121212 119657.76477272727
0.38616161616161615 119291.90738636364
0.3911111111111111 118926.05000000002
0.39606060606060606 118560.19261363636
0.401010101010101 118194.33522727272
0.40595959595959596 117828.47784090908
0.4109090909090909 117462.62045454545
0.41585858585858587 117096.76306818181
0.4208080808080808 116730.90568181819
0.4257575757575757 116365.04829545454
0.4307070707070707 115999.1909090909
0.43565656565656563 115633.33352272728
0.4406060606060606 115267.47613636364
0.44555555555555554 114901.61875000001
0.4505050505050505 114535.76136363637
0.45545454545454545 114169.90397727273
0.46040404040404037 113804.0465909091
0.46535353535353535 113438.18920454544
0.4703030303030303 113072.33181818182
0.47525252525252526 112706.47443181818
0.4802020202020202 112340.61704545454
0.4851515151515151 111974.75965909091
0.4901010101010101 111608.90227272727
0.495050505050505 111243.04488636364
0.5 110877.1875
