0.1 73924.38207042447
0.10404040404040404 73924.63086892964
0.10808080808080808 73924.36923679277
0.11212121212121212 73924.2729145035
0.11616161616161616 73924.33547287804
0.1202020202020202 73924.56290961786
0.12424242424242425 73924.12350863464
0.12828282828282828 73923.80961186206
0.13232323232323234 73924.4405912766
0.13636363636363635 73924.34752124935
0.14040404040404042 73924.3628977341
0.14444444444444446 73923.56907483499
0.1484848484848485 73923.75015394183
0.15252525252525254 73924.04077125862
0.15656565656565657 73923.46638709804
0.1606060606060606 73923.91848324805
0.16464646464646465 73923.46952403492
0.1686868686868687 73924.106123269
0.17272727272727273 73923.76422510986
0.17676767676767677 73923.48766590806
0.1808080808080808 73923.26890364321
0.18484848484848487 73923.10216650207
0.18888888888888888 73924.11465644202
0.19292929292929295 73924.05282666825
0.19696969696969696 73924.04414368223
0.20101010101010103 73922.88990623991
0.20505050505050504 73922.94492017603
0.2090909090909091 73923.04504544188
0.21313131313131314 73923.19340420642
0.21717171717171718 73923.39457645536
0.22121212121212122 73923.65483791384
0.22525252525252526 73922.66299527028
0.2292929292929293 73922.95208566471
0.23333333333333334 73923.30844294146
0.23737373737373738 73923.74447124504
0.24141414141414141 73922.79099575966
0.24545454545454545 73923.25461681982
0.2494949494949495 73922.39865147896
0.2535353535353535 73922.89023127937
0.25757575757575757 73923.49100523019
0.26161616161616164 73922.63116668153
0.2656565656565657 73923.27321757298
0.2696969696969697 74177.14060897227
0.2737373737373737 74241.1510336907
0.2777777777777778 75009.1514161281
0.28181818181818186 74931.36168313635
0.28585858585858587 75242.0744113843
0.2898989898989899 75669.76072991858
0.29393939393939394 75560.825875943
0.297979797979798 76131.52879830134
0.302020202020202 76943.343367085
0.30606060606060603 76783.3651210799
0.3101010101010101 77916.79100532006
0.31414141414141417 76486.72992457917
0.3181818181818182 77539.48358133683
0.3222222222222222 77363.48518648336
0.32626262626262625 78889.22091045868
0.3303030303030303 78671.07704577976
0.3343434343434344 78461.82829061439
0.3383838383838384 80685.70214439282
0.3424242424242424 78068.59138806305
0.3464646464646465 77883.93100338
0.35050505050505054 79917.35887346417
0.3545454545454545 79679.70646450808
0.35858585858585856 79450.72193727328
0.36262626262626263 79230.08911228612
0.3666666666666667 79017.50517178123
0.37070707070707076 78812.67994164515
0.3747474747474747 81728.08073446008
0.3787878787878788 81453.5857767743
0.38282828282828285 81187.90766168939
0.3868686868686869 80930.75763480776
0.3909090909090909 80681.85839491145
0.39494949494949494 80440.9435085369
0.398989898989899 80207.75686037875
0.40303030303030307 79982.05213701441
0.407070707070707 84342.72103486652
0.4111111111111111 84023.0179542903
0.41515151515151516 79347.50341926969
0.4191919191919192 79149.4429070054
0.4232323232323232 83116.01871389098
0.42727272727272725 82830.23068699727
0.4313131313131313 78592.76956012212
0.4353535353535354 78419.08152201043
0.43939393939393945 82019.28341532373
0.4434343434343434 81763.72746980673
0.44747474747474747 81515.21372555743
0.45151515151515154 81273.54997074888
0.4555555555555556 81038.55049842845
0.45959595959595956 80810.03581724926
0.4636363636363636 80587.83237739484
0.4676767676767677 80371.77231078275
0.47171717171717176 80161.69318469372
0.4757575757575757 79957.43776803269
0.4797979797979798 79758.85380948108
0.48383838383838385 79565.7938268476
0.4878787878787879 79378.11490697414
0.491919191919192 79195.67851559221
0.49595959595959593 79018.35031656668
0.5 78845.99999999999
