0.01 3916921.2959137503
0.014949494949494949 2692910.4556148904
0.0198989898989899 2077615.9118322036
0.02484848484848485 1707292.2588822176
0.029797979797979796 1459868.9332304269
0.03474747474747475 1282827.142774734
0.039696969696969696 1149840.6200237176
0.04464646464646465 1046257.1412604003
0.049595959595959596 963273.3926833076
0.05454545454545454 895281.2983151766
0.059494949494949496 838538.9312645312
0.06444444444444444 790453.8890767518
0.06939393939393938 749173.3468825032
0.07434343434343434 713337.8664895896
0.07929292929292929 681927.4094582425
0.08424242424242423 654161.6333369182
0.08919191919191918 629433.3848478985
0.09414141414141414 607263.1726903077
0.09909090909090908 587267.2845795369
0.10404040404040403 569135.0048598768
0.10898989898989898 552612.0397370688
0.11393939393939392 537488.2625300277
0.11888888888888888 523588.5200066717
0.12383838383838383 510765.64339941647
0.12878787878787878 498895.0709982704
0.13373737373737374 487870.664820692
0.1386868686868687 477601.423056436
0.14363636363636365 468008.8722178966
0.1485858585858586 459024.98050581303
0.15353535353535352 450590.47477397736
0.15848484848484848 442653.4728619314
0.16343434343434343 435168.36444075924
0.16838383838383839 428094.88923820487
0.17333333333333334 421397.3731902564
0.1782828282828283 415044.0918286709
0.18323232323232325 409006.7368460432
0.18818181818181817 403259.9668422345
0.19313131313131313 397781.0271505847
0.19808080808080808 392549.42666111444
0.20303030303030303 387546.6619143622
0.207979797979798 382755.9805912451
0.21292929292929294 378162.17798867886
0.21787878787878787 373751.4212356558
0.22282828282828282 369511.0969365549
0.22777777777777777 365429.6786782501
0.23272727272727273 361496.61144386476
0.23767676767676768 357702.21046866506
0.24262626262626263 354037.572475791
0.24757575757575756 350494.49755935336
0.2525252525252525 347065.4202540789
0.25747474747474747 343743.34855533694
0.26242424242424245 340521.8098399028
0.2673737373737374 337394.80279325496
0.2723232323232323 334356.7545792216
0.2772727272727273 331402.4825969223
0.2822222222222222 328527.16026185383
0.2871717171717172 325726.2863256181
0.2921212121212121 322995.6573145997
0.29707070707070704 320331.34272383805
0.302020202020202 317729.6626500303
0.30696969696969695 315187.1675883706
0.31191919191919193 312700.6201528768
0.31686868686868686 310266.9785098898
0.32181818181818184 307883.38134030823
0.32676767676767676 305547.13416847156
0.3317171717171717 303255.69691494695
0.33666666666666667 301006.6725472731
0.3416161616161616 298797.7967173016
0.3465656565656566 296626.9282865088
0.3515151515151515 294492.0406517548
0.3564646464646465 292391.21379369125
0.3614141414141414 290322.6269785419
0.36636363636363634 288284.55205146794
0.3713131313131313 286275.34726631717
0.37626262626262624 284293.4516023689
0.3812121212121212 282337.37952381105
0.38616161616161615 280405.7161422301
0.3911111111111111 278497.11274641135
0.39606060606060606 276610.2826673189
0.401010101010101 274743.99744929624
0.40595959595959596 272897.08330135304
0.4109090909090909 271068.4178049227
0.41585858585858587 269256.9268567223
0.4208080808080808 267461.58182735986
0.4257575757575757 265681.3969181303
0.4307070707070707 263915.42670005903
0.43565656565656563 262162.7638206994
0.4406060606060606 260422.53686549183
0.44555555555555554 258693.90836166753
0.4505050505050505 256976.07291373308
0.45545454545454545 255268.2554605266
0.46040404040404037 253569.70964469778
0.46535353535353535 251879.71628624067
0.4703030303030303 250197.58195241442
0.47525252525252526 248522.63761702485
0.4802020202020202 246854.2374026198
0.4851515151515151 245191.7573996764
0.4901010101010101 243534.59455733886
0.495050505050505 241882.16564069758
0.5 240233.90625
