0.1606060606060606 20.465648099629526 11.452830188679245
0.16464646464646465 19.63595419997964 11.14723926380368
0.1686868686868687 18.86049479280327 10.8562874251497
0.17272727272727273 15.679644139514892 10.578947368421053
0.17676767676767677 15.119631741669963 10.314285714285715
0.1808080808080808 14.592852524829084 10.061452513966481
0.18484848484848487 14.096602658820371 9.81967213114754
0.18888888888888888 13.628453570913685 9.588235294117647
0.19292929292929295 13.186218620587585 9.366492146596858
0.19696969696969696 11.699166811981817 9.153846153846155
0.20101010101010103 11.35179654867442 8.949748743718592
0.20505050505050504 11.022058722167104 8.753694581280788
0.2090909090909091 10.708707758942186 8.565217391304348
0.21313131313131314 10.410609118663208 8.38388625592417
0.21717171717171718 10.126727451012293 8.209302325581396
0.22121212121212122 9.856116213352243 8.041095890410958
0.22525252525252526 9.59790854569965 7.878923766816143
0.2292929292929293 8.878802368217155 7.722466960352422
0.23333333333333334 8.663474555463054 7.571428571428571
0.23737373737373738 8.457286279660469 7.425531914893616
0.24141414141414141 8.259688782022241 7.284518828451883
0.24545454545454545 8.070175201034033 7.148148148148149
0.2494949494949495 7.888276720470776 7.016194331983806
0.2535353535353535 7.4733419015984595 6.888446215139443
0.25757575757575757 7.315917044521155 6.764705882352941
0.26161616161616164 7.164381305284122 6.644787644787645
0.2656565656565657 7.018418062152673 6.528517110266159
0.2696969696969697 6.877732437538321 6.415730337078651
0.2737373737373737 6.612753488067365 6.306273062730628
0.2777777777777778 6.487785618055345 6.199999999999999
0.28181818181818186 6.367036203437328 6.096774193548386
0.28585858585858587 6.250297027051074 5.996466431095406
0.2898989898989899 6.137373051190956 5.898954703832753
0.29393939393939394 5.95924972521381 5.804123711340206
0.297979797979798 5.812354416311488 5.71186440677966
0.302020202020202 5.7155016499407605 5.622073578595318
0.30606060606060603 5.594440164241935 5.534653465346535
0.3101010101010101 5.504785074678358 5.449511400651466
0.31414141414141417 5.401426990197651 5.366559485530546
0.3181818181818182 5.307492142825157 5.285714285714286
0.3222222222222222 5.213063977474002 5.206896551724139
0.32626262626262625 5.130188983022738 5.130030959752322
0.3303030303030303 5.05524640934719 5.055045871559633
0.3343434343434344 4.9820444433380375 4.981873111782477
0.3383838383838384 4.910594032255233 4.91044776119403
0.3424242424242424 4.840897729978676 4.84070796460177
0.3464646464646465 4.772757514758582 4.772594752186588
0.35050505050505054 4.706191371800947 4.706051873198847
0.3545454545454545 4.6411451104401165 4.641025641025641
0.35858585858585856 4.577624185437287 4.577464788732395
0.36262626262626263 4.515457496312315 4.515320334261839
0.3666666666666667 4.454663393959868 4.454545454545454
0.37070707070707076 4.39525639716332 4.395095367847411
0.3747474747474747 4.33706636258976 4.336927223719677
0.3787878787878788 4.280120132920094 4.28
0.38282828282828285 4.224378049229633 4.224274406332453
0.3868686868686869 4.169858517649641 4.169712793733681
0.3909090909090909 4.116405423486962 4.116279069767442
0.39494949494949494 4.0640480926191245 4.063938618925832
0.398989898989899 4.012753002008052 4.012658227848101
0.40303030303030307 3.962543349577164 3.962406015037593
0.407070707070707 3.9132708753850816 3.9131513647642686
0.4111111111111111 3.8649687834396813 3.864864864864865
0.41515151515151516 3.817608536930231 3.8175182481751824
0.4191919191919192 3.7712192955777164 3.7710843373493974
0.4232323232323232 3.725654878040178 3.7255369928400963
0.42727272727272725 3.680953954376937 3.6808510638297873
0.4313131313131313 3.6370920727600797 3.6370023419203745
0.4353535353535354 3.5940457074974947 3.593967517401392
0.43939393939393945 3.551845575066805 3.551724137931034
0.4434343434343434 3.51035697643667 3.5102505694760824
0.44747474747474747 3.469619120726276 3.469525959367946
0.45151515151515154 3.4296116984970393 3.4295302013422813
0.4555555555555556 3.3903151358015933 3.390243902439024
0.45959595959595956 3.3517634698969667 3.351648351648352
0.4636363636363636 3.3138266928985747 3.313725490196078
0.4676767676767677 3.276546778707937 3.2764578833693303
0.47171717171717176 3.239906712399563 3.23982869379015
0.4757575757575757 3.203890069744012 3.2038216560509554
0.4797979797979798 3.1684809912358176 3.1684210526315795
0.48383838383838385 3.13371334084514 3.1336116910229643
0.4878787878787879 3.0994684800295182 3.099378881987577
0.491919191919192 3.0657873257849477 3.0657084188911696
0.49595959595959593 3.032655988325714 3.032586558044807
0.5 3.000061037018952 3.0
