2 0.8802 0.8609 0.8438 0.7712
3 0.9189 0.8999 0.8835 0.8154
4 0.9378 0.9206 0.9057 0.8429
5 0.9493 0.9338 0.9203 0.8622
6 0.9571 0.9431 0.9307 0.8768
7 0.9628 0.95 0.9386 0.8883
8 0.9672 0.9554 0.9449 0.8976
9 0.9706 0.9597 0.9499 0.9054
10 0.9733 0.9632 0.9541 0.9119
11 0.9756 0.9662 0.9576 0.9176
12 0.9775 0.9687 0.9606 0.9225
13 0.9792 0.9708 0.9632 0.9268
14 0.9806 0.9727 0.9654 0.9307
15 0.9818 0.9743 0.9674 0.9341
16 0.9829 0.9758 0.9692 0.9372
17 0.9839 0.9771 0.9708 0.94
18 0.9847 0.9783 0.9722 0.9426
19 0.9855 0.9793 0.9735 0.9449
20 0.9862 0.9803 0.9747 0.947
21 0.9868 0.9811 0.9758 0.949
22 0.9874 0.9819 0.9768 0.9509
23 0.9879 0.9827 0.9777 0.9526
24 0.9884 0.9833 0.9785 0.9541
25 0.9889 0.9839 0.9793 0.9556
26 0.9893 0.9845 0.98 0.957
27 0.9897 0.9851 0.9807 0.9583
28 0.99 0.9856 0.9813 0.9595
29 0.9904 0.986 0.9819 0.9606
30 0.9907 0.9865 0.9825 0.9617
31 0.991 0.9869 0.983 0.9628
32 0.9912 0.9873 0.9835 0.9637
33 0.9915 0.9876 0.984 0.9646
34 0.9917 0.988 0.9844 0.9655
35 0.992 0.9883 0.9848 0.9663
36 0.9922 0.9886 0.9852 0.9671
37 0.9924 0.9889 0.9856 0.9679
38 0.9926 0.9892 0.9859 0.9686
39 0.9928 0.9895 0.9863 0.9693
40 0.993 0.9897 0.9866 0.9699
41 0.9931 0.9899 0.9869 0.9706
42 0.9933 0.9902 0.9872 0.9712
43 0.9934 0.9904 0.9875 0.9717
44 0.9936 0.9906 0.9877 0.9723
45 0.9937 0.9908 0.988 0.9728
46 0.9939 0.991 0.9882 0.9733
47 0.994 0.9912 0.9885 0.9738
48 0.9941 0.9914 0.9887 0.9743
49 0.9942 0.9915 0.9889 0.9748
50 0.9943 0.9917 0.9891 0.9752
51 0.9944 0.9918 0.9893 0.9756
52 0.9946 0.992 0.9895 0.976
53 0.9947 0.9921 0.9897 0.9764
54 0.9947 0.9923 0.9899 0.9768
55 0.9948 0.9924 0.9901 0.9772
56 0.9949 0.9925 0.9902 0.9776
57 0.995 0.9927 0.9904 0.9779
58 0.9951 0.9928 0.9906 0.9782
59 0.9952 0.9929 0.9907 0.9786
60 0.9953 0.993 0.9909 0.9789
61 0.9953 0.9931 0.991 0.9792
62 0.9954 0.9932 0.9911 0.9795
63 0.9955 0.9933 0.9913 0.9798
64 0.9956 0.9934 0.9914 0.9801
65 0.9956 0.9935 0.9915 0.9803
66 0.9957 0.9936 0.9916 0.9806
67 0.9958 0.9937 0.9918 0.9809
68 0.9958 0.9938 0.9919 0.9811
69 0.9959 0.9939 0.992 0.9814
70 0.9959 0.994 0.9921 0.9816
71 0.996 0.9941 0.9922 0.9818
72 0.996 0.9942 0.9923 0.9821
73 0.9961 0.9942 0.9924 0.9823
74 0.9962 0.9943 0.9925 0.9825
75 0.9962 0.9944 0.9926 0.9827
76 0.9963 0.9945 0.9927 0.9829
77 0.9963 0.9945 0.9928 0.9831
78 0.9963 0.9946 0.9929 0.9833
79 0.9964 0.9947 0.993 0.9835
80 0.9964 0.9947 0.9931 0.9837
81 0.9965 0.9948 0.9931 0.9839
82 0.9965 0.9949 0.9932 0.9841
83 0.9966 0.9949 0.9933 0.9842
84 0.9966 0.995 0.9934 0.9844
85 0.9966 0.995 0.9935 0.9846
86 0.9967 0.9951 0.9935 0.9847
87 0.9967 0.9951 0.9936 0.9849
88 0.9968 0.9952 0.9937 0.9851
89 0.9968 0.9952 0.9937 0.9852
90 0.9968 0.9953 0.9938 0.9854
91 0.9969 0.9954 0.9939 0.9855
92 0.9969 0.9954 0.9939 0.9857
93 0.9969 0.9954 0.994 0.9858
94 0.997 0.9955 0.9941 0.9859
95 0.997 0.9955 0.9941 0.9861
96 0.997 0.9956 0.9942 0.9862
97 0.9971 0.9956 0.9942 0.9863
98 0.9971 0.9957 0.9943 0.9865
99 0.9971 0.9957 0.9943 0.9866
100 0.9971 0.9958 0.9944 0.9867
101 0.9972 0.9958 0.9945 0.9868
102 0.9972 0.9958 0.9945 0.987
103 0.9972 0.9959 0.9946 0.9871
104 0.9973 0.9959 0.9946 0.9872
105 0.9973 0.996 0.9947 0.9873
106 0.9973 0.996 0.9947 0.9874
107 0.9973 0.996 0.9948 0.9875
108 0.9974 0.9961 0.9948 0.9876
109 0.9974 0.9961 0.9949 0.9877
110 0.9974 0.9961 0.9949 0.9878
111 0.9974 0.9962 0.9949 0.988
112 0.9974 0.9962 0.995 0.9881
113 0.9975 0.9962 0.995 0.9882
114 0.9975 0.9963 0.9951 0.9882
115 0.9975 0.9963 0.9951 0.9883
116 0.9975 0.9963 0.9952 0.9884
117 0.9976 0.9964 0.9952 0.9885
118 0.9976 0.9964 0.9952 0.9886
119 0.9976 0.9964 0.9953 0.9887
120 0.9976 0.9965 0.9953 0.9888
121 0.9976 0.9965 0.9954 0.9889
122 0.9977 0.9965 0.9954 0.989
123 0.9977 0.9965 0.9954 0.9891
124 0.9977 0.9966 0.9955 0.9891
125 0.9977 0.9966 0.9955 0.9892
126 0.9977 0.9966 0.9955 0.9893
127 0.9977 0.9966 0.9956 0.9894
128 0.9978 0.9967 0.9956 0.9895
129 0.9978 0.9967 0.9956 0.9895
130 0.9978 0.9967 0.9957 0.9896
131 0.9978 0.9967 0.9957 0.9897
132 0.9978 0.9968 0.9957 0.9898
133 0.9978 0.9968 0.9958 0.9898
134 0.9979 0.9968 0.9958 0.9899
135 0.9979 0.9968 0.9958 0.99
136 0.9979 0.9969 0.9959 0.99
137 0.9979 0.9969 0.9959 0.9901
138 0.9979 0.9969 0.9959 0.9902
139 0.9979 0.9969 0.9959 0.9902
140 0.998 0.997 0.996 0.9903
141 0.998 0.997 0.996 0.9904
142 0.998 0.997 0.996 0.9904
143 0.998 0.997 0.9961 0.9905
144 0.998 0.997 0.9961 0.9906
145 0.998 0.9971 0.9961 0.9906
146 0.998 0.9971 0.9961 0.9907
147 0.9981 0.9971 0.9962 0.9907
148 0.9981 0.9971 0.9962 0.9908
149 0.9981 0.9971 0.9962 0.9909
150 0.9981 0.9972 0.9962 0.9909
151 0.9981 0.9972 0.9963 0.991
152 0.9981 0.9972 0.9963 0.991
153 0.9981 0.9972 0.9963 0.9911
154 0.9981 0.9972 0.9963 0.9911
155 0.9982 0.9972 0.9964 0.9912
156 0.9982 0.9973 0.9964 0.9913
157 0.9982 0.9973 0.9964 0.9913
158 0.9982 0.9973 0.9964 0.9914
159 0.9982 0.9973 0.9964 0.9914
160 0.9982 0.9973 0.9965 0.9915
161 0.9982 0.9973 0.9965 0.9915
162 0.9982 0.9974 0.9965 0.9916
163 0.9982 0.9974 0.9965 0.9916
164 0.9983 0.9974 0.9965 0.9917
165 0.9983 0.9974 0.9966 0.9917
166 0.9983 0.9974 0.9966 0.9918
167 0.9983 0.9974 0.9966 0.9918
168 0.9983 0.9975 0.9966 0.9918
169 0.9983 0.9975 0.9966 0.9919
170 0.9983 0.9975 0.9967 0.9919
171 0.9983 0.9975 0.9967 0.992
172 0.9983 0.9975 0.9967 0.992
173 0.9983 0.9975 0.9967 0.9921
174 0.9984 0.9975 0.9967 0.9921
175 0.9984 0.9976 0.9968 0.9922
176 0.9984 0.9976 0.9968 0.9922
177 0.9984 0.9976 0.9968 0.9922
178 0.9984 0.9976 0.9968 0.9923
179 0.9984 0.9976 0.9968 0.9923
180 0.9984 0.9976 0.9968 0.9924
181 0.9984 0.9976 0.9969 0.9924
182 0.9984 0.9976 0.9969 0.9924
183 0.9984 0.9977 0.9969 0.9925
184 0.9984 0.9977 0.9969 0.9925
185 0.9984 0.9977 0.9969 0.9926
186 0.9985 0.9977 0.9969 0.9926
187 0.9985 0.9977 0.997 0.9926
188 0.9985 0.9977 0.997 0.9927
189 0.9985 0.9977 0.997 0.9927
190 0.9985 0.9977 0.997 0.9927
191 0.9985 0.9978 0.997 0.9928
192 0.9985 0.9978 0.997 0.9928
193 0.9985 0.9978 0.9971 0.9929
194 0.9985 0.9978 0.9971 0.9929
195 0.9985 0.9978 0.9971 0.9929
196 0.9985 0.9978 0.9971 0.993
197 0.9985 0.9978 0.9971 0.993
198 0.9985 0.9978 0.9971 0.993
199 0.9986 0.9978 0.9971 0.9931
200 0.9986 0.9979 0.9972 0.9931
201 0.9986 0.9979 0.9972 0.9931
202 0.9986 0.9979 0.9972 0.9932
203 0.9986 0.9979 0.9972 0.9932
204 0.9986 0.9979 0.9972 0.9932
205 0.9986 0.9979 0.9972 0.9933
206 0.9986 0.9979 0.9972 0.9933
207 0.9986 0.9979 0.9973 0.9933
208 0.9986 0.9979 0.9973 0.9934
209 0.9986 0.998 0.9973 0.9934
210 0.9986 0.998 0.9973 0.9934
211 0.9986 0.998 0.9973 0.9934
212 0.9986 0.998 0.9973 0.9935
213 0.9987 0.998 0.9973 0.9935
214 0.9987 0.998 0.9973 0.9935
215 0.9987 0.998 0.9974 0.9936
216 0.9987 0.998 0.9974 0.9936
217 0.9987 0.998 0.9974 0.9936
218 0.9987 0.998 0.9974 0.9936
219 0.9987 0.998 0.9974 0.9937
220 0.9987 0.9981 0.9974 0.9937
221 0.9987 0.9981 0.9974 0.9937
222 0.9987 0.9981 0.9974 0.9938
223 0.9987 0.9981 0.9974 0.9938
224 0.9987 0.9981 0.9975 0.9938
225 0.9987 0.9981 0.9975 0.9938
226 0.9987 0.9981 0.9975 0.9939
227 0.9987 0.9981 0.9975 0.9939
228 0.9987 0.9981 0.9975 0.9939
229 0.9987 0.9981 0.9975 0.9939
230 0.9988 0.9981 0.9975 0.994
231 0.9988 0.9981 0.9975 0.994
232 0.9988 0.9982 0.9975 0.994
233 0.9988 0.9982 0.9976 0.994
234 0.9988 0.9982 0.9976 0.9941
235 0.9988 0.9982 0.9976 0.9941
236 0.9988 0.9982 0.9976 0.9941
237 0.9988 0.9982 0.9976 0.9941
238 0.9988 0.9982 0.9976 0.9942
239 0.9988 0.9982 0.9976 0.9942
240 0.9988 0.9982 0.9976 0.9942
241 0.9988 0.9982 0.9976 0.9942
242 0.9988 0.9982 0.9976 0.9943
243 0.9988 0.9982 0.9977 0.9943
244 0.9988 0.9982 0.9977 0.9943
245 0.9988 0.9982 0.9977 0.9943
246 0.9988 0.9983 0.9977 0.9943
247 0.9988 0.9983 0.9977 0.9944
248 0.9988 0.9983 0.9977 0.9944
249 0.9988 0.9983 0.9977 0.9944
250 0.9989 0.9983 0.9977 0.9944
251 0.9989 0.9983 0.9977 0.9945
252 0.9989 0.9983 0.9977 0.9945
253 0.9989 0.9983 0.9977 0.9945
254 0.9989 0.9983 0.9978 0.9945
255 0.9989 0.9983 0.9978 0.9945
256 0.9989 0.9983 0.9978 0.9946
257 0.9989 0.9983 0.9978 0.9946
258 0.9989 0.9983 0.9978 0.9946
259 0.9989 0.9983 0.9978 0.9946
260 0.9989 0.9983 0.9978 0.9946
261 0.9989 0.9984 0.9978 0.9947
262 0.9989 0.9984 0.9978 0.9947
263 0.9989 0.9984 0.9978 0.9947
264 0.9989 0.9984 0.9978 0.9947
265 0.9989 0.9984 0.9978 0.9947
266 0.9989 0.9984 0.9979 0.9948
267 0.9989 0.9984 0.9979 0.9948
268 0.9989 0.9984 0.9979 0.9948
269 0.9989 0.9984 0.9979 0.9948
270 0.9989 0.9984 0.9979 0.9948
271 0.9989 0.9984 0.9979 0.9948
272 0.9989 0.9984 0.9979 0.9949
273 0.9989 0.9984 0.9979 0.9949
274 0.999 0.9984 0.9979 0.9949
275 0.999 0.9984 0.9979 0.9949
276 0.999 0.9984 0.9979 0.9949
277 0.999 0.9984 0.9979 0.995
278 0.999 0.9985 0.9979 0.995
279 0.999 0.9985 0.998 0.995
280 0.999 0.9985 0.998 0.995
281 0.999 0.9985 0.998 0.995
282 0.999 0.9985 0.998 0.995
283 0.999 0.9985 0.998 0.9951
284 0.999 0.9985 0.998 0.9951
285 0.999 0.9985 0.998 0.9951
286 0.999 0.9985 0.998 0.9951
287 0.999 0.9985 0.998 0.9951
288 0.999 0.9985 0.998 0.9951
289 0.999 0.9985 0.998 0.9952
290 0.999 0.9985 0.998 0.9952
291 0.999 0.9985 0.998 0.9952
292 0.999 0.9985 0.998 0.9952
293 0.999 0.9985 0.9981 0.9952
294 0.999 0.9985 0.9981 0.9952
295 0.999 0.9985 0.9981 0.9953
296 0.999 0.9985 0.9981 0.9953
297 0.999 0.9986 0.9981 0.9953
298 0.999 0.9986 0.9981 0.9953
299 0.999 0.9986 0.9981 0.9953
300 0.999 0.9986 0.9981 0.9953
301 0.999 0.9986 0.9981 0.9953
302 0.999 0.9986 0.9981 0.9954
303 0.9991 0.9986 0.9981 0.9954
304 0.9991 0.9986 0.9981 0.9954
305 0.9991 0.9986 0.9981 0.9954
306 0.9991 0.9986 0.9981 0.9954
307 0.9991 0.9986 0.9981 0.9954
308 0.9991 0.9986 0.9981 0.9955
309 0.9991 0.9986 0.9982 0.9955
310 0.9991 0.9986 0.9982 0.9955
311 0.9991 0.9986 0.9982 0.9955
312 0.9991 0.9986 0.9982 0.9955
313 0.9991 0.9986 0.9982 0.9955
314 0.9991 0.9986 0.9982 0.9955
315 0.9991 0.9986 0.9982 0.9955
316 0.9991 0.9986 0.9982 0.9956
317 0.9991 0.9986 0.9982 0.9956
318 0.9991 0.9986 0.9982 0.9956
319 0.9991 0.9987 0.9982 0.9956
320 0.9991 0.9987 0.9982 0.9956
321 0.9991 0.9987 0.9982 0.9956
322 0.9991 0.9987 0.9982 0.9956
323 0.9991 0.9987 0.9982 0.9957
324 0.9991 0.9987 0.9982 0.9957
325 0.9991 0.9987 0.9982 0.9957
326 0.9991 0.9987 0.9982 0.9957
327 0.9991 0.9987 0.9983 0.9957
328 0.9991 0.9987 0.9983 0.9957
329 0.9991 0.9987 0.9983 0.9957
330 0.9991 0.9987 0.9983 0.9957
331 0.9991 0.9987 0.9983 0.9958
332 0.9991 0.9987 0.9983 0.9958
333 0.9991 0.9987 0.9983 0.9958
334 0.9991 0.9987 0.9983 0.9958
335 0.9991 0.9987 0.9983 0.9958
336 0.9991 0.9987 0.9983 0.9958
337 0.9991 0.9987 0.9983 0.9958
338 0.9991 0.9987 0.9983 0.9958
339 0.9992 0.9987 0.9983 0.9959
340 0.9992 0.9987 0.9983 0.9959
341 0.9992 0.9987 0.9983 0.9959
342 0.9992 0.9987 0.9983 0.9959
343 0.9992 0.9987 0.9983 0.9959
344 0.9992 0.9987 0.9983 0.9959
345 0.9992 0.9988 0.9983 0.9959
346 0.9992 0.9988 0.9983 0.9959
347 0.9992 0.9988 0.9984 0.9959
348 0.9992 0.9988 0.9984 0.996
349 0.9992 0.9988 0.9984 0.996
350 0.9992 0.9988 0.9984 0.996
351 0.9992 0.9988 0.9984 0.996
352 0.9992 0.9988 0.9984 0.996
353 0.9992 0.9988 0.9984 0.996
354 0.9992 0.9988 0.9984 0.996
355 0.9992 0.9988 0.9984 0.996
356 0.9992 0.9988 0.9984 0.996
357 0.9992 0.9988 0.9984 0.9961
358 0.9992 0.9988 0.9984 0.9961
359 0.9992 0.9988 0.9984 0.9961
360 0.9992 0.9988 0.9984 0.9961
361 0.9992 0.9988 0.9984 0.9961
362 0.9992 0.9988 0.9984 0.9961
363 0.9992 0.9988 0.9984 0.9961
364 0.9992 0.9988 0.9984 0.9961
365 0.9992 0.9988 0.9984 0.9961
366 0.9992 0.9988 0.9984 0.9962
367 0.9992 0.9988 0.9984 0.9962
368 0.9992 0.9988 0.9984 0.9962
369 0.9992 0.9988 0.9984 0.9962
370 0.9992 0.9988 0.9985 0.9962
371 0.9992 0.9988 0.9985 0.9962
372 0.9992 0.9988 0.9985 0.9962
373 0.9992 0.9988 0.9985 0.9962
374 0.9992 0.9988 0.9985 0.9962
375 0.9992 0.9989 0.9985 0.9962
376 0.9992 0.9989 0.9985 0.9963
377 0.9992 0.9989 0.9985 0.9963
378 0.9992 0.9989 0.9985 0.9963
379 0.9992 0.9989 0.9985 0.9963
380 0.9992 0.9989 0.9985 0.9963
381 0.9992 0.9989 0.9985 0.9963
382 0.9992 0.9989 0.9985 0.9963
383 0.9992 0.9989 0.9985 0.9963
384 0.9993 0.9989 0.9985 0.9963
385 0.9993 0.9989 0.9985 0.9963
386 0.9993 0.9989 0.9985 0.9963
387 0.9993 0.9989 0.9985 0.9964
388 0.9993 0.9989 0.9985 0.9964
389 0.9993 0.9989 0.9985 0.9964
390 0.9993 0.9989 0.9985 0.9964
391 0.9993 0.9989 0.9985 0.9964
392 0.9993 0.9989 0.9985 0.9964
393 0.9993 0.9989 0.9985 0.9964
394 0.9993 0.9989 0.9985 0.9964
395 0.9993 0.9989 0.9986 0.9964
396 0.9993 0.9989 0.9986 0.9964
397 0.9993 0.9989 0.9986 0.9964
398 0.9993 0.9989 0.9986 0.9965
399 0.9993 0.9989 0.9986 0.9965
400 0.9993 0.9989 0.9986 0.9965
401 0.9993 0.9989 0.9986 0.9965
402 0.9993 0.9989 0.9986 0.9965
403 0.9993 0.9989 0.9986 0.9965
404 0.9993 0.9989 0.9986 0.9965
405 0.9993 0.9989 0.9986 0.9965
406 0.9993 0.9989 0.9986 0.9965
407 0.9993 0.9989 0.9986 0.9965
408 0.9993 0.9989 0.9986 0.9965
409 0.9993 0.9989 0.9986 0.9966
410 0.9993 0.9989 0.9986 0.9966
411 0.9993 0.999 0.9986 0.9966
412 0.9993 0.999 0.9986 0.9966
413 0.9993 0.999 0.9986 0.9966
414 0.9993 0.999 0.9986 0.9966
415 0.9993 0.999 0.9986 0.9966
416 0.9993 0.999 0.9986 0.9966
417 0.9993 0.999 0.9986 0.9966
418 0.9993 0.999 0.9986 0.9966
419 0.9993 0.999 0.9986 0.9966
420 0.9993 0.999 0.9986 0.9966
421 0.9993 0.999 0.9986 0.9966
422 0.9993 0.999 0.9986 0.9967
423 0.9993 0.999 0.9986 0.9967
424 0.9993 0.999 0.9986 0.9967
425 0.9993 0.999 0.9987 0.9967
426 0.9993 0.999 0.9987 0.9967
427 0.9993 0.999 0.9987 0.9967
428 0.9993 0.999 0.9987 0.9967
429 0.9993 0.999 0.9987 0.9967
430 0.9993 0.999 0.9987 0.9967
431 0.9993 0.999 0.9987 0.9967
432 0.9993 0.999 0.9987 0.9967
433 0.9993 0.999 0.9987 0.9967
434 0.9993 0.999 0.9987 0.9967
435 0.9993 0.999 0.9987 0.9968
436 0.9993 0.999 0.9987 0.9968
437 0.9993 0.999 0.9987 0.9968
438 0.9993 0.999 0.9987 0.9968
439 0.9993 0.999 0.9987 0.9968
440 0.9993 0.999 0.9987 0.9968
441 0.9993 0.999 0.9987 0.9968
442 0.9993 0.999 0.9987 0.9968
443 0.9994 0.999 0.9987 0.9968
444 0.9994 0.999 0.9987 0.9968
445 0.9994 0.999 0.9987 0.9968
446 0.9994 0.999 0.9987 0.9968
447 0.9994 0.999 0.9987 0.9968
448 0.9994 0.999 0.9987 0.9968
449 0.9994 0.999 0.9987 0.9969
450 0.9994 0.999 0.9987 0.9969
451 0.9994 0.999 0.9987 0.9969
452 0.9994 0.999 0.9987 0.9969
453 0.9994 0.999 0.9987 0.9969
454 0.9994 0.9991 0.9987 0.9969
455 0.9994 0.9991 0.9987 0.9969
456 0.9994 0.9991 0.9987 0.9969
457 0.9994 0.9991 0.9987 0.9969
458 0.9994 0.9991 0.9987 0.9969
459 0.9994 0.9991 0.9988 0.9969
460 0.9994 0.9991 0.9988 0.9969
461 0.9994 0.9991 0.9988 0.9969
462 0.9994 0.9991 0.9988 0.9969
463 0.9994 0.9991 0.9988 0.9969
464 0.9994 0.9991 0.9988 0.997
465 0.9994 0.9991 0.9988 0.997
466 0.9994 0.9991 0.9988 0.997
467 0.9994 0.9991 0.9988 0.997
468 0.9994 0.9991 0.9988 0.997
469 0.9994 0.9991 0.9988 0.997
470 0.9994 0.9991 0.9988 0.997
471 0.9994 0.9991 0.9988 0.997
472 0.9994 0.9991 0.9988 0.997
473 0.9994 0.9991 0.9988 0.997
474 0.9994 0.9991 0.9988 0.997
475 0.9994 0.9991 0.9988 0.997
476 0.9994 0.9991 0.9988 0.997
477 0.9994 0.9991 0.9988 0.997
478 0.9994 0.9991 0.9988 0.997
479 0.9994 0.9991 0.9988 0.997
480 0.9994 0.9991 0.9988 0.9971
481 0.9994 0.9991 0.9988 0.9971
482 0.9994 0.9991 0.9988 0.9971
483 0.9994 0.9991 0.9988 0.9971
484 0.9994 0.9991 0.9988 0.9971
485 0.9994 0.9991 0.9988 0.9971
486 0.9994 0.9991 0.9988 0.9971
487 0.9994 0.9991 0.9988 0.9971
488 0.9994 0.9991 0.9988 0.9971
489 0.9994 0.9991 0.9988 0.9971
490 0.9994 0.9991 0.9988 0.9971
491 0.9994 0.9991 0.9988 0.9971
492 0.9994 0.9991 0.9988 0.9971
493 0.9994 0.9991 0.9988 0.9971
494 0.9994 0.9991 0.9988 0.9971
495 0.9994 0.9991 0.9988 0.9971
496 0.9994 0.9991 0.9988 0.9971
497 0.9994 0.9991 0.9988 0.9972
498 0.9994 0.9991 0.9988 0.9972
499 0.9994 0.9991 0.9989 0.9972
500 0.9994 0.9991 0.9989 0.9972
501 0.9994 0.9991 0.9989 0.9972
502 0.9994 0.9991 0.9989 0.9972
503 0.9994 0.9991 0.9989 0.9972
504 0.9994 0.9991 0.9989 0.9972
505 0.9994 0.9991 0.9989 0.9972
506 0.9994 0.9991 0.9989 0.9972
507 0.9994 0.9991 0.9989 0.9972
508 0.9994 0.9992 0.9989 0.9972
509 0.9994 0.9992 0.9989 0.9972
510 0.9994 0.9992 0.9989 0.9972
511 0.9994 0.9992 0.9989 0.9972
512 0.9994 0.9992 0.9989 0.9972
513 0.9994 0.9992 0.9989 0.9972
514 0.9994 0.9992 0.9989 0.9972
515 0.9994 0.9992 0.9989 0.9972
516 0.9994 0.9992 0.9989 0.9973
517 0.9994 0.9992 0.9989 0.9973
518 0.9994 0.9992 0.9989 0.9973
519 0.9994 0.9992 0.9989 0.9973
520 0.9994 0.9992 0.9989 0.9973
521 0.9994 0.9992 0.9989 0.9973
522 0.9994 0.9992 0.9989 0.9973
523 0.9994 0.9992 0.9989 0.9973
524 0.9995 0.9992 0.9989 0.9973
525 0.9995 0.9992 0.9989 0.9973
526 0.9995 0.9992 0.9989 0.9973
527 0.9995 0.9992 0.9989 0.9973
528 0.9995 0.9992 0.9989 0.9973
529 0.9995 0.9992 0.9989 0.9973
530 0.9995 0.9992 0.9989 0.9973
531 0.9995 0.9992 0.9989 0.9973
532 0.9995 0.9992 0.9989 0.9973
533 0.9995 0.9992 0.9989 0.9973
534 0.9995 0.9992 0.9989 0.9973
535 0.9995 0.9992 0.9989 0.9973
536 0.9995 0.9992 0.9989 0.9974
537 0.9995 0.9992 0.9989 0.9974
538 0.9995 0.9992 0.9989 0.9974
539 0.9995 0.9992 0.9989 0.9974
540 0.9995 0.9992 0.9989 0.9974
541 0.9995 0.9992 0.9989 0.9974
542 0.9995 0.9992 0.9989 0.9974
543 0.9995 0.9992 0.9989 0.9974
544 0.9995 0.9992 0.9989 0.9974
545 0.9995 0.9992 0.9989 0.9974
546 0.9995 0.9992 0.9989 0.9974
547 0.9995 0.9992 0.999 0.9974
548 0.9995 0.9992 0.999 0.9974
549 0.9995 0.9992 0.999 0.9974
550 0.9995 0.9992 0.999 0.9974
551 0.9995 0.9992 0.999 0.9974
552 0.9995 0.9992 0.999 0.9974
553 0.9995 0.9992 0.999 0.9974
554 0.9995 0.9992 0.999 0.9974
555 0.9995 0.9992 0.999 0.9974
556 0.9995 0.9992 0.999 0.9974
557 0.9995 0.9992 0.999 0.9975
558 0.9995 0.9992 0.999 0.9975
559 0.9995 0.9992 0.999 0.9975
560 0.9995 0.9992 0.999 0.9975
561 0.9995 0.9992 0.999 0.9975
562 0.9995 0.9992 0.999 0.9975
563 0.9995 0.9992 0.999 0.9975
564 0.9995 0.9992 0.999 0.9975
565 0.9995 0.9992 0.999 0.9975
566 0.9995 0.9992 0.999 0.9975
567 0.9995 0.9992 0.999 0.9975
568 0.9995 0.9992 0.999 0.9975
569 0.9995 0.9992 0.999 0.9975
570 0.9995 0.9992 0.999 0.9975
571 0.9995 0.9992 0.999 0.9975
572 0.9995 0.9992 0.999 0.9975
573 0.9995 0.9992 0.999 0.9975
574 0.9995 0.9992 0.999 0.9975
575 0.9995 0.9993 0.999 0.9975
576 0.9995 0.9993 0.999 0.9975
577 0.9995 0.9993 0.999 0.9975
578 0.9995 0.9993 0.999 0.9975
579 0.9995 0.9993 0.999 0.9975
580 0.9995 0.9993 0.999 0.9976
581 0.9995 0.9993 0.999 0.9976
582 0.9995 0.9993 0.999 0.9976
583 0.9995 0.9993 0.999 0.9976
584 0.9995 0.9993 0.999 0.9976
585 0.9995 0.9993 0.999 0.9976
586 0.9995 0.9993 0.999 0.9976
587 0.9995 0.9993 0.999 0.9976
588 0.9995 0.9993 0.999 0.9976
589 0.9995 0.9993 0.999 0.9976
590 0.9995 0.9993 0.999 0.9976
591 0.9995 0.9993 0.999 0.9976
592 0.9995 0.9993 0.999 0.9976
593 0.9995 0.9993 0.999 0.9976
594 0.9995 0.9993 0.999 0.9976
595 0.9995 0.9993 0.999 0.9976
596 0.9995 0.9993 0.999 0.9976
597 0.9995 0.9993 0.999 0.9976
598 0.9995 0.9993 0.999 0.9976
599 0.9995 0.9993 0.999 0.9976
600 0.9995 0.9993 0.999 0.9976
601 0.9995 0.9993 0.999 0.9976
602 0.9995 0.9993 0.999 0.9976
603 0.9995 0.9993 0.999 0.9976
604 0.9995 0.9993 0.999 0.9976
605 0.9995 0.9993 0.9991 0.9977
606 0.9995 0.9993 0.9991 0.9977
607 0.9995 0.9993 0.9991 0.9977
608 0.9995 0.9993 0.9991 0.9977
609 0.9995 0.9993 0.9991 0.9977
610 0.9995 0.9993 0.9991 0.9977
611 0.9995 0.9993 0.9991 0.9977
612 0.9995 0.9993 0.9991 0.9977
613 0.9995 0.9993 0.9991 0.9977
614 0.9995 0.9993 0.9991 0.9977
615 0.9995 0.9993 0.9991 0.9977
616 0.9995 0.9993 0.9991 0.9977
617 0.9995 0.9993 0.9991 0.9977
618 0.9995 0.9993 0.9991 0.9977
619 0.9995 0.9993 0.9991 0.9977
620 0.9995 0.9993 0.9991 0.9977
621 0.9995 0.9993 0.9991 0.9977
622 0.9995 0.9993 0.9991 0.9977
623 0.9995 0.9993 0.9991 0.9977
624 0.9995 0.9993 0.9991 0.9977
625 0.9995 0.9993 0.9991 0.9977
626 0.9995 0.9993 0.9991 0.9977
627 0.9995 0.9993 0.9991 0.9977
628 0.9995 0.9993 0.9991 0.9977
629 0.9995 0.9993 0.9991 0.9977
630 0.9995 0.9993 0.9991 0.9977
631 0.9995 0.9993 0.9991 0.9977
632 0.9995 0.9993 0.9991 0.9978
633 0.9995 0.9993 0.9991 0.9978
634 0.9995 0.9993 0.9991 0.9978
635 0.9995 0.9993 0.9991 0.9978
636 0.9995 0.9993 0.9991 0.9978
637 0.9995 0.9993 0.9991 0.9978
638 0.9995 0.9993 0.9991 0.9978
639 0.9995 0.9993 0.9991 0.9978
640 0.9995 0.9993 0.9991 0.9978
641 0.9996 0.9993 0.9991 0.9978
642 0.9996 0.9993 0.9991 0.9978
643 0.9996 0.9993 0.9991 0.9978
644 0.9996 0.9993 0.9991 0.9978
645 0.9996 0.9993 0.9991 0.9978
646 0.9996 0.9993 0.9991 0.9978
647 0.9996 0.9993 0.9991 0.9978
648 0.9996 0.9993 0.9991 0.9978
649 0.9996 0.9993 0.9991 0.9978
650 0.9996 0.9993 0.9991 0.9978
651 0.9996 0.9993 0.9991 0.9978
652 0.9996 0.9993 0.9991 0.9978
653 0.9996 0.9993 0.9991 0.9978
654 0.9996 0.9993 0.9991 0.9978
655 0.9996 0.9993 0.9991 0.9978
656 0.9996 0.9993 0.9991 0.9978
657 0.9996 0.9993 0.9991 0.9978
658 0.9996 0.9993 0.9991 0.9978
659 0.9996 0.9993 0.9991 0.9978
660 0.9996 0.9993 0.9991 0.9978
661 0.9996 0.9993 0.9991 0.9978
662 0.9996 0.9993 0.9991 0.9979
663 0.9996 0.9993 0.9991 0.9979
664 0.9996 0.9994 0.9991 0.9979
665 0.9996 0.9994 0.9991 0.9979
666 0.9996 0.9994 0.9991 0.9979
667 0.9996 0.9994 0.9991 0.9979
668 0.9996 0.9994 0.9991 0.9979
669 0.9996 0.9994 0.9991 0.9979
670 0.9996 0.9994 0.9991 0.9979
671 0.9996 0.9994 0.9991 0.9979
672 0.9996 0.9994 0.9991 0.9979
673 0.9996 0.9994 0.9991 0.9979
674 0.9996 0.9994 0.9991 0.9979
675 0.9996 0.9994 0.9991 0.9979
676 0.9996 0.9994 0.9992 0.9979
677 0.9996 0.9994 0.9992 0.9979
678 0.9996 0.9994 0.9992 0.9979
679 0.9996 0.9994 0.9992 0.9979
680 0.9996 0.9994 0.9992 0.9979
681 0.9996 0.9994 0.9992 0.9979
682 0.9996 0.9994 0.9992 0.9979
683 0.9996 0.9994 0.9992 0.9979
684 0.9996 0.9994 0.9992 0.9979
685 0.9996 0.9994 0.9992 0.9979
686 0.9996 0.9994 0.9992 0.9979
687 0.9996 0.9994 0.9992 0.9979
688 0.9996 0.9994 0.9992 0.9979
689 0.9996 0.9994 0.9992 0.9979
690 0.9996 0.9994 0.9992 0.9979
691 0.9996 0.9994 0.9992 0.9979
692 0.9996 0.9994 0.9992 0.9979
693 0.9996 0.9994 0.9992 0.9979
694 0.9996 0.9994 0.9992 0.9979
695 0.9996 0.9994 0.9992 0.998
696 0.9996 0.9994 0.9992 0.998
697 0.9996 0.9994 0.9992 0.998
698 0.9996 0.9994 0.9992 0.998
699 0.9996 0.9994 0.9992 0.998
700 0.9996 0.9994 0.9992 0.998
701 0.9996 0.9994 0.9992 0.998
702 0.9996 0.9994 0.9992 0.998
703 0.9996 0.9994 0.9992 0.998
704 0.9996 0.9994 0.9992 0.998
705 0.9996 0.9994 0.9992 0.998
706 0.9996 0.9994 0.9992 0.998
707 0.9996 0.9994 0.9992 0.998
708 0.9996 0.9994 0.9992 0.998
709 0.9996 0.9994 0.9992 0.998
710 0.9996 0.9994 0.9992 0.998
711 0.9996 0.9994 0.9992 0.998
712 0.9996 0.9994 0.9992 0.998
713 0.9996 0.9994 0.9992 0.998
714 0.9996 0.9994 0.9992 0.998
715 0.9996 0.9994 0.9992 0.998
716 0.9996 0.9994 0.9992 0.998
717 0.9996 0.9994 0.9992 0.998
718 0.9996 0.9994 0.9992 0.998
719 0.9996 0.9994 0.9992 0.998
720 0.9996 0.9994 0.9992 0.998
721 0.9996 0.9994 0.9992 0.998
722 0.9996 0.9994 0.9992 0.998
723 0.9996 0.9994 0.9992 0.998
724 0.9996 0.9994 0.9992 0.998
725 0.9996 0.9994 0.9992 0.998
726 0.9996 0.9994 0.9992 0.998
727 0.9996 0.9994 0.9992 0.998
728 0.9996 0.9994 0.9992 0.998
729 0.9996 0.9994 0.9992 0.998
730 0.9996 0.9994 0.9992 0.998
731 0.9996 0.9994 0.9992 0.9981
732 0.9996 0.9994 0.9992 0.9981
733 0.9996 0.9994 0.9992 0.9981
734 0.9996 0.9994 0.9992 0.9981
735 0.9996 0.9994 0.9992 0.9981
736 0.9996 0.9994 0.9992 0.9981
737 0.9996 0.9994 0.9992 0.9981
738 0.9996 0.9994 0.9992 0.9981
739 0.9996 0.9994 0.9992 0.9981
740 0.9996 0.9994 0.9992 0.9981
741 0.9996 0.9994 0.9992 0.9981
742 0.9996 0.9994 0.9992 0.9981
743 0.9996 0.9994 0.9992 0.9981
744 0.9996 0.9994 0.9992 0.9981
745 0.9996 0.9994 0.9992 0.9981
746 0.9996 0.9994 0.9992 0.9981
747 0.9996 0.9994 0.9992 0.9981
748 0.9996 0.9994 0.9992 0.9981
749 0.9996 0.9994 0.9992 0.9981
750 0.9996 0.9994 0.9992 0.9981
751 0.9996 0.9994 0.9992 0.9981
752 0.9996 0.9994 0.9992 0.9981
753 0.9996 0.9994 0.9992 0.9981
754 0.9996 0.9994 0.9992 0.9981
755 0.9996 0.9994 0.9992 0.9981
756 0.9996 0.9994 0.9992 0.9981
757 0.9996 0.9994 0.9992 0.9981
758 0.9996 0.9994 0.9992 0.9981
759 0.9996 0.9994 0.9992 0.9981
760 0.9996 0.9994 0.9992 0.9981
761 0.9996 0.9994 0.9992 0.9981
762 0.9996 0.9994 0.9992 0.9981
763 0.9996 0.9994 0.9992 0.9981
764 0.9996 0.9994 0.9992 0.9981
765 0.9996 0.9994 0.9992 0.9981
766 0.9996 0.9994 0.9992 0.9981
767 0.9996 0.9994 0.9993 0.9981
768 0.9996 0.9994 0.9993 0.9981
769 0.9996 0.9994 0.9993 0.9981
770 0.9996 0.9994 0.9993 0.9981
771 0.9996 0.9994 0.9993 0.9982
772 0.9996 0.9994 0.9993 0.9982
773 0.9996 0.9994 0.9993 0.9982
774 0.9996 0.9994 0.9993 0.9982
775 0.9996 0.9994 0.9993 0.9982
776 0.9996 0.9994 0.9993 0.9982
777 0.9996 0.9994 0.9993 0.9982
778 0.9996 0.9994 0.9993 0.9982
779 0.9996 0.9994 0.9993 0.9982
780 0.9996 0.9994 0.9993 0.9982
781 0.9996 0.9994 0.9993 0.9982
782 0.9996 0.9994 0.9993 0.9982
783 0.9996 0.9994 0.9993 0.9982
784 0.9996 0.9994 0.9993 0.9982
785 0.9996 0.9995 0.9993 0.9982
786 0.9996 0.9995 0.9993 0.9982
787 0.9996 0.9995 0.9993 0.9982
788 0.9996 0.9995 0.9993 0.9982
789 0.9996 0.9995 0.9993 0.9982
790 0.9996 0.9995 0.9993 0.9982
791 0.9996 0.9995 0.9993 0.9982
792 0.9996 0.9995 0.9993 0.9982
793 0.9996 0.9995 0.9993 0.9982
794 0.9996 0.9995 0.9993 0.9982
795 0.9996 0.9995 0.9993 0.9982
796 0.9996 0.9995 0.9993 0.9982
797 0.9996 0.9995 0.9993 0.9982
798 0.9996 0.9995 0.9993 0.9982
799 0.9996 0.9995 0.9993 0.9982
800 0.9996 0.9995 0.9993 0.9982
801 0.9996 0.9995 0.9993 0.9982
802 0.9996 0.9995 0.9993 0.9982
803 0.9996 0.9995 0.9993 0.9982
804 0.9996 0.9995 0.9993 0.9982
805 0.9996 0.9995 0.9993 0.9982
806 0.9996 0.9995 0.9993 0.9982
807 0.9996 0.9995 0.9993 0.9982
808 0.9996 0.9995 0.9993 0.9982
809 0.9996 0.9995 0.9993 0.9982
810 0.9996 0.9995 0.9993 0.9982
811 0.9996 0.9995 0.9993 0.9982
812 0.9996 0.9995 0.9993 0.9982
813 0.9996 0.9995 0.9993 0.9982
814 0.9996 0.9995 0.9993 0.9982
815 0.9996 0.9995 0.9993 0.9982
816 0.9996 0.9995 0.9993 0.9983
817 0.9996 0.9995 0.9993 0.9983
818 0.9996 0.9995 0.9993 0.9983
819 0.9996 0.9995 0.9993 0.9983
820 0.9996 0.9995 0.9993 0.9983
821 0.9996 0.9995 0.9993 0.9983
822 0.9996 0.9995 0.9993 0.9983
823 0.9996 0.9995 0.9993 0.9983
824 0.9997 0.9995 0.9993 0.9983
825 0.9997 0.9995 0.9993 0.9983
826 0.9997 0.9995 0.9993 0.9983
827 0.9997 0.9995 0.9993 0.9983
828 0.9997 0.9995 0.9993 0.9983
829 0.9997 0.9995 0.9993 0.9983
830 0.9997 0.9995 0.9993 0.9983
831 0.9997 0.9995 0.9993 0.9983
832 0.9997 0.9995 0.9993 0.9983
833 0.9997 0.9995 0.9993 0.9983
834 0.9997 0.9995 0.9993 0.9983
835 0.9997 0.9995 0.9993 0.9983
836 0.9997 0.9995 0.9993 0.9983
837 0.9997 0.9995 0.9993 0.9983
838 0.9997 0.9995 0.9993 0.9983
839 0.9997 0.9995 0.9993 0.9983
840 0.9997 0.9995 0.9993 0.9983
841 0.9997 0.9995 0.9993 0.9983
842 0.9997 0.9995 0.9993 0.9983
843 0.9997 0.9995 0.9993 0.9983
844 0.9997 0.9995 0.9993 0.9983
845 0.9997 0.9995 0.9993 0.9983
846 0.9997 0.9995 0.9993 0.9983
847 0.9997 0.9995 0.9993 0.9983
848 0.9997 0.9995 0.9993 0.9983
849 0.9997 0.9995 0.9993 0.9983
850 0.9997 0.9995 0.9993 0.9983
851 0.9997 0.9995 0.9993 0.9983
852 0.9997 0.9995 0.9993 0.9983
853 0.9997 0.9995 0.9993 0.9983
854 0.9997 0.9995 0.9993 0.9983
855 0.9997 0.9995 0.9993 0.9983
856 0.9997 0.9995 0.9993 0.9983
857 0.9997 0.9995 0.9993 0.9983
858 0.9997 0.9995 0.9993 0.9983
859 0.9997 0.9995 0.9993 0.9983
860 0.9997 0.9995 0.9993 0.9983
861 0.9997 0.9995 0.9993 0.9983
862 0.9997 0.9995 0.9993 0.9983
863 0.9997 0.9995 0.9993 0.9983
864 0.9997 0.9995 0.9993 0.9983
865 0.9997 0.9995 0.9993 0.9983
866 0.9997 0.9995 0.9993 0.9984
867 0.9997 0.9995 0.9993 0.9984
868 0.9997 0.9995 0.9993 0.9984
869 0.9997 0.9995 0.9993 0.9984
870 0.9997 0.9995 0.9993 0.9984
871 0.9997 0.9995 0.9993 0.9984
872 0.9997 0.9995 0.9993 0.9984
873 0.9997 0.9995 0.9993 0.9984
874 0.9997 0.9995 0.9993 0.9984
875 0.9997 0.9995 0.9993 0.9984
876 0.9997 0.9995 0.9993 0.9984
877 0.9997 0.9995 0.9993 0.9984
878 0.9997 0.9995 0.9993 0.9984
879 0.9997 0.9995 0.9993 0.9984
880 0.9997 0.9995 0.9993 0.9984
881 0.9997 0.9995 0.9993 0.9984
882 0.9997 0.9995 0.9993 0.9984
883 0.9997 0.9995 0.9993 0.9984
884 0.9997 0.9995 0.9993 0.9984
885 0.9997 0.9995 0.9994 0.9984
886 0.9997 0.9995 0.9994 0.9984
887 0.9997 0.9995 0.9994 0.9984
888 0.9997 0.9995 0.9994 0.9984
889 0.9997 0.9995 0.9994 0.9984
890 0.9997 0.9995 0.9994 0.9984
891 0.9997 0.9995 0.9994 0.9984
892 0.9997 0.9995 0.9994 0.9984
893 0.9997 0.9995 0.9994 0.9984
894 0.9997 0.9995 0.9994 0.9984
895 0.9997 0.9995 0.9994 0.9984
896 0.9997 0.9995 0.9994 0.9984
897 0.9997 0.9995 0.9994 0.9984
898 0.9997 0.9995 0.9994 0.9984
899 0.9997 0.9995 0.9994 0.9984
900 0.9997 0.9995 0.9994 0.9984
901 0.9997 0.9995 0.9994 0.9984
902 0.9997 0.9995 0.9994 0.9984
903 0.9997 0.9995 0.9994 0.9984
904 0.9997 0.9995 0.9994 0.9984
905 0.9997 0.9995 0.9994 0.9984
906 0.9997 0.9995 0.9994 0.9984
907 0.9997 0.9995 0.9994 0.9984
908 0.9997 0.9995 0.9994 0.9984
909 0.9997 0.9995 0.9994 0.9984
910 0.9997 0.9995 0.9994 0.9984
911 0.9997 0.9995 0.9994 0.9984
912 0.9997 0.9995 0.9994 0.9984
913 0.9997 0.9995 0.9994 0.9984
914 0.9997 0.9995 0.9994 0.9984
915 0.9997 0.9995 0.9994 0.9984
916 0.9997 0.9995 0.9994 0.9984
917 0.9997 0.9995 0.9994 0.9984
918 0.9997 0.9995 0.9994 0.9984
919 0.9997 0.9995 0.9994 0.9984
920 0.9997 0.9995 0.9994 0.9984
921 0.9997 0.9995 0.9994 0.9984
922 0.9997 0.9995 0.9994 0.9985
923 0.9997 0.9995 0.9994 0.9985
924 0.9997 0.9995 0.9994 0.9985
925 0.9997 0.9995 0.9994 0.9985
926 0.9997 0.9995 0.9994 0.9985
927 0.9997 0.9995 0.9994 0.9985
928 0.9997 0.9995 0.9994 0.9985
929 0.9997 0.9995 0.9994 0.9985
930 0.9997 0.9995 0.9994 0.9985
931 0.9997 0.9995 0.9994 0.9985
932 0.9997 0.9995 0.9994 0.9985
933 0.9997 0.9995 0.9994 0.9985
934 0.9997 0.9995 0.9994 0.9985
935 0.9997 0.9995 0.9994 0.9985
936 0.9997 0.9995 0.9994 0.9985
937 0.9997 0.9995 0.9994 0.9985
938 0.9997 0.9995 0.9994 0.9985
939 0.9997 0.9995 0.9994 0.9985
940 0.9997 0.9995 0.9994 0.9985
941 0.9997 0.9995 0.9994 0.9985
942 0.9997 0.9995 0.9994 0.9985
943 0.9997 0.9995 0.9994 0.9985
944 0.9997 0.9995 0.9994 0.9985
945 0.9997 0.9995 0.9994 0.9985
946 0.9997 0.9995 0.9994 0.9985
947 0.9997 0.9995 0.9994 0.9985
948 0.9997 0.9995 0.9994 0.9985
949 0.9997 0.9995 0.9994 0.9985
950 0.9997 0.9995 0.9994 0.9985
951 0.9997 0.9995 0.9994 0.9985
952 0.9997 0.9995 0.9994 0.9985
953 0.9997 0.9995 0.9994 0.9985
954 0.9997 0.9995 0.9994 0.9985
955 0.9997 0.9995 0.9994 0.9985
956 0.9997 0.9995 0.9994 0.9985
957 0.9997 0.9995 0.9994 0.9985
958 0.9997 0.9995 0.9994 0.9985
959 0.9997 0.9995 0.9994 0.9985
960 0.9997 0.9996 0.9994 0.9985
961 0.9997 0.9996 0.9994 0.9985
962 0.9997 0.9996 0.9994 0.9985
963 0.9997 0.9996 0.9994 0.9985
964 0.9997 0.9996 0.9994 0.9985
965 0.9997 0.9996 0.9994 0.9985
966 0.9997 0.9996 0.9994 0.9985
967 0.9997 0.9996 0.9994 0.9985
968 0.9997 0.9996 0.9994 0.9985
969 0.9997 0.9996 0.9994 0.9985
970 0.9997 0.9996 0.9994 0.9985
971 0.9997 0.9996 0.9994 0.9985
972 0.9997 0.9996 0.9994 0.9985
973 0.9997 0.9996 0.9994 0.9985
974 0.9997 0.9996 0.9994 0.9985
975 0.9997 0.9996 0.9994 0.9985
976 0.9997 0.9996 0.9994 0.9985
977 0.9997 0.9996 0.9994 0.9985
978 0.9997 0.9996 0.9994 0.9985
979 0.9997 0.9996 0.9994 0.9985
980 0.9997 0.9996 0.9994 0.9985
981 0.9997 0.9996 0.9994 0.9985
982 0.9997 0.9996 0.9994 0.9985
983 0.9997 0.9996 0.9994 0.9985
984 0.9997 0.9996 0.9994 0.9985
985 0.9997 0.9996 0.9994 0.9985
986 0.9997 0.9996 0.9994 0.9986
987 0.9997 0.9996 0.9994 0.9986
988 0.9997 0.9996 0.9994 0.9986
989 0.9997 0.9996 0.9994 0.9986
990 0.9997 0.9996 0.9994 0.9986
991 0.9997 0.9996 0.9994 0.9986
992 0.9997 0.9996 0.9994 0.9986
993 0.9997 0.9996 0.9994 0.9986
994 0.9997 0.9996 0.9994 0.9986
995 0.9997 0.9996 0.9994 0.9986
996 0.9997 0.9996 0.9994 0.9986
997 0.9997 0.9996 0.9994 0.9986
998 0.9997 0.9996 0.9994 0.9986
999 0.9997 0.9996 0.9994 0.9986
1000 0.9997 0.9996 0.9994 0.9986
