0.853 3.000061037018952
0.854 3.000061037018952
0.855 3.000061037018952
0.856 3.000061037018952
0.858 3.000061037018952
0.862 3.000061037018952
0.869 3.000061037018952
0.881 3.000061037018952
0.9 3.000061037018952
0.907 3.000061037018952
0.908 3.000061037018952
0.909 3.000061037018952
0.911 3.000061037018952
0.914 3.000061037018952
0.919 3.000061037018952
0.928 3.000061037018952
0.931 3.000061037018952
0.932 3.000061037018952
0.933 3.000061037018952
0.934 3.000061037018952
0.937 3.000061037018952
0.941 3.000061037018952
0.942 3.000061037018952
0.945 3.000061037018952
0.946 3.000061037018952
0.948 3.000061037018952
0.95 3.000061037018952
0.953 3.000061037018952
0.954 3.000061037018952
0.955 3.000061037018952
0.956 3.000061037018952
0.958 3.000061037018952
0.959 3.000061037018952
0.96 3.000061037018952
0.961 3.000061037018952
0.962 3.000061037018952
0.963 3.000061037018952
0.964 3.000061037018952
0.965 3.000061037018952
0.966 3.000061037018952
0.967 3.000061037018952
0.968 3.000061037018952
0.969 3.000061037018952
0.97 3.000061037018952
0.971 3.000061037018952
0.972 3.000061037018952
0.973 3.000061037018952
0.974 3.000061037018952
0.975 3.000061037018952
0.976 3.000061037018952
0.977 3.000061037018952
0.978 3.000061037018952
0.979 3.000061037018952
0.98 3.000061037018952
0.981 3.000061037018952
0.982 3.000061037018952
0.983 3.000061037018952
0.984 3.000061037018952
0.985 3.000061037018952
0.986 3.000061037018952
0.987 3.000061037018952
0.988 3.000061037018952
0.989 3.000061037018952
0.99 3.000061037018952
0.991 3.000061037018952
0.992 3.000061037018952
0.993 3.000061037018952
0.994 3.000061037018952
0.995 3.000061037018952
0.996 3.000061037018952
0.997 3.000061037018952
0.998 3.000061037018952
0.999 3.4786381646476645
