0.9800059593162225 7.000226030729621 33.0
0.9800851831963148 7.000226030729621 33.0
0.9801066811986575 7.000226030729621 33.0
0.980144790831006 7.000226030729621 33.0
0.9802144288589988 7.000226030729621 33.0
0.9802163286739608 7.000226030729621 33.0
0.9802188009726734 7.000226030729621 33.0
0.9802220149743087 7.000226030729621 33.0
0.9802261886046899 7.000226030729621 33.0
0.980231601985169 7.000226030729621 33.0
0.980238614439643 7.000226030729621 33.0
0.9802432335315399 7.000226030729621 33.0
0.9802476858466652 7.000226030729621 33.0
0.9802594033193193 7.000226030729621 33.0
0.9802745143632676 7.000226030729621 33.0
0.9802939678350746 7.000226030729621 33.0
0.9803189641849286 7.000226030729621 33.0
0.9803192244442706 7.000226030729621 33.0
0.9803510165990414 7.000226030729621 33.0
0.9803920247262801 7.000226030729621 33.0
0.9804330344809838 7.000226030729621 33.0
0.980444362637816 7.000226030729621 33.0
0.9805109824706723 7.000226030729621 33.0
0.9805374920144276 7.000226030729621 33.0
0.9805405250118978 7.000226030729621 33.0
0.980564614100733 7.000226030729621 33.0
0.9805955347744001 7.000226030729621 33.0
0.9806511579423638 7.000226030729621 33.0
0.9807025058306439 7.000226030729621 33.0
0.9807354922057604 7.000226030729621 33.0
0.980766549988733 7.000226030729621 33.0
0.9808093920909855 7.000226030729621 33.0
0.9808373710578041 7.000226030729621 33.0
0.9808622065279519 7.000226030729621 33.0
0.9808697526785554 7.000226030729621 33.0
0.98087672819668 7.000226030729621 33.0
0.9808785828459926 7.000226030729621 33.0
0.9808809959278378 7.000226030729621 33.0
0.9808841323571528 7.000226030729621 33.0
0.9808882044649992 7.000226030729621 33.0
0.9808934851123001 7.000226030729621 33.0
0.9809003242177092 7.000226030729621 33.0
0.98090916949991 7.000226030729621 33.0
0.9809205923844877 7.000226030729621 33.0
0.9809353201865247 7.000226030729621 33.0
0.9809542758442574 7.000226030729621 33.0
0.980955660388298 7.000226030729621 33.0
0.9809693113923282 7.000226030729621 33.0
0.980978626633095 7.000226030729621 33.0
0.9810067619636323 7.000226030729621 33.0
0.9810098434122813 7.000226030729621 33.0
0.9810497720181455 7.000226030729621 33.0
0.9811007183761798 7.000226030729621 33.0
0.9811464666684435 7.000226030729621 33.0
0.9811655487035218 7.000226030729621 33.0
0.9812005199348137 7.000226030729621 33.0
0.9812186419115316 7.000226030729621 33.0
0.9812478057443034 7.000226030729621 33.0
0.9813155026089346 7.000226030729621 33.0
0.9813518412413205 7.000226030729621 33.0
0.9813753766391126 7.000226030729621 33.0
0.9813887436132257 7.000226030729621 33.0
0.9813943342459366 7.000226030729621 33.0
0.9814824832248527 7.000226030729621 33.0
0.9814829637114383 7.000226030729621 33.0
0.9814958000698267 7.000226030729621 33.0
0.9814976117390982 7.000226030729621 33.0
0.9814999684856097 7.000226030729621 33.0
0.981503031138983 7.000226030729621 33.0
0.9815070067221434 7.000226030729621 33.0
0.9815121612103487 7.000226030729621 33.0
0.9815188356062801 7.000226030729621 33.0
0.9815274661064648 7.000226030729621 33.0
0.9815386092786683 7.000226030729621 33.0
0.9815529733246471 7.000226030729621 33.0
0.9815621547671424 7.000226030729621 33.0
0.9815714566598921 7.000226030729621 33.0
0.9815951951885372 7.000226030729621 33.0
0.9816094727735334 7.000226030729621 33.0
0.9816256197671129 7.000226030729621 33.0
0.9816475989787323 7.000226030729621 33.0
0.981664525405647 7.000226030729621 33.0
0.9817141537077207 7.000226030729621 33.0
0.9817772898483818 7.000226030729621 33.0
0.9818094349708 7.000226030729621 33.0
0.9818534587757587 7.000226030729621 33.0
0.9818573749627683 7.000226030729621 33.0
0.9819348202731021 7.000226030729621 33.0
0.9819586340899906 7.000226030729621 33.0
0.9820308531285732 7.000226030729621 33.0
0.9820690118043118 7.000226030729621 33.0
0.9820719052345023 7.000226030729621 33.0
0.9820734451684683 7.000226030729621 33.0
0.9820757682028193 7.000226030729621 33.0
0.9820775389168518 7.000226030729621 33.0
0.9820798419967173 7.000226030729621 33.0
0.9820828343889546 7.000226030729621 33.0
0.9820862187020635 7.000226030729621 33.0
0.9820867180730112 7.000226030729621 33.0
0.9820917524843548 7.000226030729621 33.0
0.9820982701610239 7.000226030729621 33.0
0.9821066963653374 7.000226030729621 33.0
0.9821097100548085 7.000226030729621 33.0
0.9821175735717423 7.000226030729621 33.0
0.9821209371712416 7.000226030729621 33.0
0.9821315918607063 7.000226030729621 33.0
0.9821496264093459 7.000226030729621 33.0
0.9821727834091875 7.000226030729621 33.0
0.982202455850112 7.000226030729621 33.0
0.9822124673905074 7.000226030729621 33.0
0.9822403906581878 7.000226030729621 33.0
0.9822463612692962 7.000226030729621 33.0
0.9822887686236701 7.000226030729621 33.0
0.9823502983512961 7.000226030729621 33.0
0.9823813502070027 7.000226030729621 33.0
0.982427134560334 7.000226030729621 33.0
0.9824283250424531 7.000226030729621 33.0
0.9824465372215975 7.000226030729621 33.0
0.9824978881879025 7.000226030729621 33.0
0.9825269542013254 7.000226030729621 33.0
0.98262024536525 7.000226030729621 33.0
0.9826219770039505 7.000226030729621 33.0
0.9826242288941286 7.000226030729621 33.0
0.9826271542864775 7.000226030729621 33.0
0.9826309503618934 7.000226030729621 33.0
0.9826343703111946 7.000226030729621 33.0
0.9826358703359952 7.000226030729621 33.0
0.9826422386994624 7.000226030729621 33.0
0.9826504703237218 7.000226030729621 33.0
0.9826511892633414 7.000226030729621 33.0
0.9826610942959867 7.000226030729621 33.0
0.9826747834911407 7.000226030729621 33.0
0.9826923910327479 7.000226030729621 33.0
0.982693228802674 7.000226030729621 33.0
0.9826956270666537 7.000226030729621 33.0
0.9827064758091744 7.000226030729621 33.0
0.9827149949288407 7.000226030729621 33.0
0.9827439522705136 7.000226030729621 33.0
0.9827809644244091 7.000226030729621 33.0
0.9828070805999226 7.000226030729621 33.0
0.9828088841263032 7.000226030729621 33.0
0.9828179313237403 7.000226030729621 33.0
0.9828182649454461 7.000226030729621 33.0
0.9828281545948258 7.000226030729621 33.0
0.982860552321301 7.000226030729621 33.0
0.9828881589260672 7.000226030729621 33.0
0.9829642318969518 7.000226030729621 33.0
0.9830018813114153 7.000226030729621 33.0
0.9830040684232407 7.000226030729621 33.0
0.9830074998557687 7.000226030729621 33.0
0.9830561683715644 7.000226030729621 33.0
0.9830603660528208 7.000226030729621 33.0
0.9830908291006184 7.000226030729621 33.0
0.9831324104609134 7.000226030729621 33.0
0.9831341047732305 7.000226030729621 33.0
0.983136307777442 7.000226030729621 33.0
0.9831391692021164 7.000226030729621 33.0
0.983142881656747 7.000226030729621 33.0
0.9831476924336882 7.000226030729621 33.0
0.9831539183628986 7.000226030729621 33.0
0.9831619644280768 7.000226030729621 33.0
0.9831723469827616 7.000226030729621 33.0
0.9831814250471879 7.000226030729621 33.0
0.9831857225433663 7.000226030729621 33.0
0.9832029232753292 7.000226030729621 33.0
0.9832250004160458 7.000226030729621 33.0
0.9832442026888164 7.000226030729621 33.0
0.9832532769748594 7.000226030729621 33.0
0.9832894110883742 7.000226030729621 33.0
0.9832974806943271 7.000226030729621 33.0
0.9833083246080263 7.000226030729621 33.0
0.9833332874539179 7.000226030729621 33.0
0.9833354713505622 7.000226030729621 33.0
0.9833839845613017 7.000226030729621 33.0
0.9833940252315091 7.000226030729621 33.0
0.9834456688120318 7.000226030729621 33.0
0.9834682412840495 7.000226030729621 33.0
0.9835229968167499 7.000226030729621 33.0
0.9835441593062428 7.000226030729621 33.0
0.9835620051418559 7.000226030729621 33.0
0.9835849627587584 7.000226030729621 33.0
0.9836150720199276 7.000226030729621 33.0
0.9836167306361071 7.000226030729621 33.0
0.9836185003809806 7.000226030729621 33.0
0.9836188869010919 7.000226030729621 33.0
0.983621687182827 7.000226030729621 33.0
0.9836253197304864 7.000226030729621 33.0
0.9836300261886471 7.000226030729621 33.0
0.9836361160855187 7.000226030729621 33.0
0.9836439849840055 7.000226030729621 33.0
0.9836541371101615 7.000226030729621 33.0
0.9836672134072247 7.000226030729621 33.0
0.9836800482595062 7.000226030729621 33.0
0.9836840260974145 7.000226030729621 33.0
0.9837056009557038 7.000226030729621 33.0
0.9837191160257576 7.000226030729621 33.0
0.9837332285910627 7.000226030729621 33.0
0.983745203959305 7.000226030729621 33.0
0.9837589109361806 7.000226030729621 33.0
0.9837685260640587 7.000226030729621 33.0
0.9838135101079153 7.000226030729621 33.0
0.9838280868658655 7.000226030729621 33.0
0.9838492731252474 7.000226030729621 33.0
0.9838701980901559 7.000226030729621 33.0
0.9838706830143439 7.000226030729621 33.0
0.9838810449598848 7.000226030729621 33.0
0.9839134906362385 7.000226030729621 33.0
0.9839365056652454 7.000226030729621 33.0
0.9839431318351977 7.000226030729621 33.0
0.9840129666543305 7.000226030729621 33.0
0.984034640866129 7.000226030729621 33.0
0.9840368112807626 7.000226030729621 33.0
0.984050840555345 7.000226030729621 33.0
0.9840707208203442 7.000226030729621 33.0
0.9840723452627456 7.000226030729621 33.0
0.9840744567926082 7.000226030729621 33.0
0.9840771985676775 7.000226030729621 33.0
0.9840807546733326 7.000226030729621 33.0
0.9840853613627538 7.000226030729621 33.0
0.9840913211963261 7.000226030729621 33.0
0.9840990207503105 7.000226030729621 33.0
0.9841089526866289 7.000226030729621 33.0
0.9841217431047643 7.000226030729621 33.0
0.9841381852258944 7.000226030729621 33.0
0.9841498163451099 7.000226030729621 33.0
0.9841592805763262 7.000226030729621 33.0
0.9841862889236661 7.000226030729621 33.0
0.9842207882483658 7.000226030729621 33.0
0.9842428063285057 7.000226030729621 33.0
0.9842504572738925 7.000226030729621 33.0
0.9842647459688926 7.000226030729621 33.0
0.9842942208505386 7.000226030729621 33.0
0.9843206024331517 7.000226030729621 33.0
0.984347609665451 7.000226030729621 33.0
0.9843506720326395 7.000226030729621 33.0
0.9843656432652094 7.000226030729621 33.0
0.9843913672829836 7.000226030729621 33.0
0.9844101646287587 7.000226030729621 33.0
0.9844156366585056 7.000226030729621 33.0
0.9844745129804393 7.000226030729621 33.0
0.9844807286244392 7.000226030729621 33.0
0.9845015737566303 7.000226030729621 33.0
0.9845031654493087 7.000226030729621 33.0
0.9845052341182224 7.000226030729621 33.0
0.9845079198512718 7.000226030729621 33.0
0.9845114027533415 7.000226030729621 33.0
0.9845159139252431 7.000226030729621 33.0
0.984521749270727 7.000226030729621 33.0
0.984527130360188 7.000226030729621 33.0
0.9845292867838208 7.000226030729621 33.0
0.9845390080868243 7.000226030729621 33.0
0.9845515251142507 7.000226030729621 33.0
0.9845676129625419 7.000226030729621 33.0
0.9845870629304598 7.000226030729621 33.0
0.9845882500376015 7.000226030729621 33.0
0.9845931739224386 7.000226030729621 33.0
0.9846146667140024 7.000226030729621 33.0
0.9846484037451229 7.000226030729621 33.0
0.9846760727072825 7.000226030729621 33.0
0.9846913815968116 7.000226030729621 33.0
0.9846985855485626 7.000226030729621 33.0
0.9847296968011279 7.000226030729621 33.0
0.9847341201203461 7.000226030729621 33.0
0.9847459816719766 7.000226030729621 33.0
0.984799690655495 7.000226030729621 33.0
0.9848151399922865 7.000226030729621 33.0
0.984849906638129 7.000226030729621 33.0
0.9848639594100745 7.000226030729621 33.0
0.9848769784263968 7.000226030729621 33.0
0.9849024532396531 7.000226030729621 33.0
0.9849096106126479 7.000226030729621 33.0
0.9849100486246937 7.000226030729621 33.0
0.9849111708898695 7.000226030729621 33.0
0.9849125326179292 7.000226030729621 33.0
0.9849131984533626 7.000226030729621 33.0
0.9849157958166157 7.000226030729621 33.0
0.9849158304523649 7.000226030729621 33.0
0.9849192431825209 7.000226030729621 33.0
0.9849236628155055 7.000226030729621 33.0
0.9849293788889388 7.000226030729621 33.0
0.9849367611919748 7.000226030729621 33.0
0.9849462807964924 7.000226030729621 33.0
0.9849585361048177 7.000226030729621 33.0
0.9849742849051527 7.000226030729621 33.0
0.9849756928447545 7.000226030729621 33.0
0.9849944835336807 7.000226030729621 33.0
0.9850122960648112 7.000226030729621 33.0
0.9850144385025138 7.000226030729621 33.0
0.9850203343199048 7.000226030729621 33.0
0.9850426650275953 7.000226030729621 33.0
0.985053342513703 7.000226030729621 33.0
0.9850953838239648 7.000226030729621 33.0
0.9851005361114248 7.000226030729621 33.0
0.9851286385064231 7.000226030729621 33.0
0.9851487834941157 7.000226030729621 33.0
0.9851499471813303 7.000226030729621 33.0
0.9852164074433009 7.000226030729621 33.0
0.9852966050465749 7.000226030729621 33.0
0.985298135160407 7.000226030729621 33.0
0.9853001232654222 7.000226030729621 33.0
0.9853017653489294 7.000226030729621 33.0
0.9853027036950007 7.000226030729621 33.0
0.9853049763626994 7.000226030729621 33.0
0.9853060490958062 7.000226030729621 33.0
0.9853103809191948 7.000226030729621 33.0
0.9853159826082928 7.000226030729621 33.0
0.9853165547002312 7.000226030729621 33.0
0.985321719944396 7.000226030729621 33.0
0.985323216100082 7.000226030729621 33.0
0.9853325423730496 7.000226030729621 33.0
0.9853445468882219 7.000226030729621 33.0
0.9853599708876211 7.000226030729621 33.0
0.9853797496178249 7.000226030729621 33.0
0.9853847545334491 7.000226030729621 33.0
0.9853988886515652 7.000226030729621 33.0
0.985405058619995 7.000226030729621 33.0
0.9854091245691889 7.000226030729621 33.0
0.9854313464963473 7.000226030729621 33.0
0.9854353443580789 7.000226030729621 33.0
0.9854373692464715 7.000226030729621 33.0
0.9854480948087622 7.000226030729621 33.0
0.9854785144937299 7.000226030729621 33.0
0.9855266002375035 7.000226030729621 33.0
0.9855307660377705 7.000226030729621 33.0
0.9855350908793521 7.000226030729621 33.0
0.9855436324432755 7.000226030729621 33.0
0.9855808083092819 7.000226030729621 33.0
0.9855969229661973 7.000226030729621 33.0
0.9856266556628075 7.000226030729621 33.0
0.9856641508262911 7.000226030729621 33.0
0.9856656519533892 7.000226030729621 33.0
0.9856676021472759 7.000226030729621 33.0
0.9856701330406116 7.000226030729621 33.0
0.9856734137812784 7.000226030729621 33.0
0.9856776612959515 7.000226030729621 33.0
0.9856804120584575 7.000226030729621 33.0
0.9856831531876533 7.000226030729621 33.0
0.9856902438713645 7.000226030729621 33.0
0.9856993846598283 7.000226030729621 33.0
0.9857111486254214 7.000226030729621 33.0
0.985711442727871 7.000226030729621 33.0
0.9857262611763841 7.000226030729621 33.0
0.9857312168669742 7.000226030729621 33.0
0.9857334225544016 7.000226030729621 33.0
0.9857456373854677 7.000226030729621 33.0
0.9857704271790928 7.000226030729621 33.0
0.985785398506377 7.000226030729621 33.0
0.9857988170734358 7.000226030729621 33.0
0.9858020695109369 7.000226030729621 33.0
0.9858253516629563 7.000226030729621 33.0
0.9858423565721124 7.000226030729621 33.0
0.9858935088873678 7.000226030729621 33.0
0.9859169046334683 7.000226030729621 33.0
0.9859198397463348 7.000226030729621 33.0
0.9859230505306176 7.000226030729621 33.0
0.9859576404384828 7.000226030729621 33.0
0.9859582617596787 7.000226030729621 33.0
0.9860136841456318 7.000226030729621 33.0
0.9860151573933247 7.000226030729621 33.0
0.9860170711318984 7.000226030729621 33.0
0.9860195544013994 7.000226030729621 33.0
0.9860227729919063 7.000226030729621 33.0
0.986026939488971 7.000226030729621 33.0
0.9860310065491792 7.000226030729621 33.0
0.9860323258941033 7.000226030729621 33.0
0.986039279409825 7.000226030729621 33.0
0.9860399628929085 7.000226030729621 33.0
0.9860482420838953 7.000226030729621 33.0
0.9860560295995594 7.000226030729621 33.0
0.9860597751177126 7.000226030729621 33.0
0.9860745887527341 7.000226030729621 33.0
0.9860809324305604 7.000226030729621 33.0
0.9860935787448788 7.000226030729621 33.0
0.9861018196302173 7.000226030729621 33.0
0.9861178705035191 7.000226030729621 33.0
0.9861230306924936 7.000226030729621 33.0
0.9861375214837935 7.000226030729621 33.0
0.9861426800801545 7.000226030729621 33.0
0.986148871984823 7.000226030729621 33.0
0.9861773513394779 7.000226030729621 33.0
0.9861883363562096 7.000226030729621 33.0
0.986190718322498 7.000226030729621 33.0
0.9862384352470797 7.000226030729621 33.0
0.9862400909870501 7.000226030729621 33.0
0.9862496476250066 7.000226030729621 33.0
0.9862713165380308 7.000226030729621 33.0
0.9862845835934109 7.000226030729621 33.0
0.9862875429584081 7.000226030729621 33.0
0.9863018430186787 7.000226030729621 33.0
0.9863465026896525 7.000226030729621 33.0
0.9863479491014121 7.000226030729621 33.0
0.9863498277561982 7.000226030729621 33.0
0.9863522652030879 7.000226030729621 33.0
0.9863554240068616 7.000226030729621 33.0
0.9863595125844142 7.000226030729621 33.0
0.9863647975598333 7.000226030729621 33.0
0.9863716192137977 7.000226030729621 33.0
0.986379079690578 7.000226030729621 33.0
0.9863804107051846 7.000226030729621 33.0
0.9863818318631649 7.000226030729621 33.0
0.9863917218500254 7.000226030729621 33.0
0.9864062483484015 7.000226030729621 33.0
0.9864248674425705 7.000226030729621 33.0
0.9864317297630912 7.000226030729621 33.0
0.9864471581579357 7.000226030729621 33.0
0.9864486810530897 7.000226030729621 33.0
0.9864538762753828 7.000226030729621 33.0
0.9864790674504074 7.000226030729621 33.0
0.9864823766166739 7.000226030729621 33.0
0.9864938391272513 7.000226030729621 33.0
0.9865177424453375 7.000226030729621 33.0
0.9865192964984238 7.000226030729621 33.0
0.9865361683215472 7.000226030729621 33.0
0.9865668308814801 7.000226030729621 33.0
0.9866082668892387 7.000226030729621 33.0
0.9866289488350914 7.000226030729621 33.0
0.9866308477028587 7.000226030729621 33.0
0.9866311893385334 7.000226030729621 33.0
0.986663781989681 7.000226030729621 33.0
0.9866652025500521 7.0003013799829255 32.0
0.9866670474148127 7.0004018500696965 31.0
0.9866694407377654 7.000535818036138 30.0
0.9866725419831006 7.000714455949716 29.0
0.9866765555613182 7.000952664652701 28.0
0.9866817429298386 7.001270320386045 27.0
0.9866884377207152 7.001693939835251 26.0
0.9866970645573895 7.0022589053178095 25.0
0.9866992416100361 7.003012440825296 24.0
0.9867072963148251 7.003012440825296 24.0
0.9867081623266942 7.003012440825296 24.0
0.9867121026197428 7.0040175963313285 23.0
0.9867224127745642 7.0040175963313285 23.0
0.9867406753833893 7.0053585891624515 22.0
0.9867640295494583 7.007147977472821 21.0
0.9867652224458863 7.009536317078732 20.0
0.9867938250874033 7.009536317078732 20.0
0.9868057593447991 7.012725202068461 19.0
0.986806427153067 7.012725202068461 19.0
0.9868317420135974 7.012725202068461 19.0
0.9868452916267935 7.0169849474987025 18.0
0.9868518379442183 7.0169849474987025 18.0
0.9868767736660821 7.0169849474987025 18.0
0.9868798603614597 7.0169849474987025 18.0
0.9868805522776221 7.022678696370534 17.0
0.9869036313112909 7.022678696370534 17.0
0.9869290190570852 7.022678696370534 17.0
0.9869406520786944 7.022678696370534 17.0
0.986940740408778 7.022678696370534 17.0
0.9869600057357463 7.030295517063452 16.0
0.9869723644273893 7.030295517063452 16.0
0.9870006166463129 7.030295517063452 16.0
0.98701751309358 7.030295517063452 16.0
0.98708266378541 7.040496260680975 15.0
0.9871139795019588 7.040496260680975 15.0
0.9871788689516326 7.054177847594577 14.0
0.9871954834204684 7.054177847594577 14.0
0.9872005231542332 7.054177847594577 14.0
0.9872077214468596 7.054177847594577 14.0
0.9872229036562088 7.054177847594577 14.0
0.9872270338176525 7.054177847594577 14.0
0.9872347170776733 7.054177847594577 14.0
0.9872473444246535 7.07256474694282 13.0
0.9872732981587932 7.07256474694282 13.0
0.9873303023780429 7.07256474694282 13.0
0.9873501294443967 7.07256474694282 13.0
0.987385188602016 7.07256474694282 13.0
0.9874469117916141 7.0973416268000715 12.0
0.9874959042407707 7.0973416268000715 12.0
0.9875086409357956 7.0973416268000715 12.0
0.9875477999976099 7.0973416268000715 12.0
0.987571848042079 7.0973416268000715 12.0
0.9875813668846857 7.130850267223323 11.0
0.9875852788813154 7.130850267223323 11.0
0.9875919559951664 7.130850267223323 11.0
0.9876448759012829 7.130850267223323 11.0
0.9876812990583903 7.130850267223323 11.0
0.98771962329531 7.130850267223323 11.0
0.9877300023928262 7.130850267223323 11.0
0.9877520011636614 7.130850267223323 11.0
0.9877976009972768 7.130850267223323 11.0
0.9878022351589937 7.130850267223323 11.0
0.9878565458993349 7.176390417402157 10.0
0.9879165334158042 7.176390417402157 10.0
0.9879411486388381 7.176390417402157 10.0
0.9879955354319092 7.176390417402157 10.0
0.9880637480990717 7.176390417402157 10.0
0.9880850485021219 7.176390417402157 10.0
0.9881052142919439 7.238695861760215 9.0
0.9881503188599852 7.238695861760215 9.0
0.988155223690386 7.238695861760215 9.0
0.9882181869046756 7.238695861760215 9.0
0.9882340503351079 7.238695861760215 9.0
0.9882771502606995 7.238695861760215 9.0
0.9882941073611732 7.238695861760215 9.0
0.9884108191807481 7.238695861760215 9.0
0.9884301844163791 7.238695861760215 9.0
0.9884522782580064 7.324720264289926 8.0
0.988455111151419 7.324720264289926 8.0
0.9884581248910821 7.324720264289926 8.0
0.9885352783490292 7.324720264289926 8.0
0.9885781597549194 7.324720264289926 8.0
0.9885949049842315 7.324720264289926 8.0
0.9886501442122523 7.324720264289926 8.0
0.9886695212865984 7.324720264289926 8.0
0.9887906678082597 7.324720264289926 8.0
0.9888214415808086 7.324720264289926 8.0
0.988821592227403 7.324720264289926 8.0
0.9888487284183365 7.324720264289926 8.0
0.9888958620781421 7.445002119542178 7.0
0.9890282953094252 7.445002119542178 7.0
0.9890515133019683 7.445002119542178 7.0
0.9890936443122726 7.445002119542178 7.0
0.9891045591224131 7.445002119542178 7.0
0.9891409746540661 7.445002119542178 7.0
0.9891654939063245 7.445002119542178 7.0
0.9891813210843531 7.445002119542178 7.0
0.9893084796083488 7.445002119542178 7.0
0.9893528853188075 7.445002119542178 7.0
0.9894013271641237 7.616186518278511 6.0
0.9894254353764456 7.616186518278511 6.0
0.9894524506907753 7.616186518278511 6.0
0.989488842856899 7.616186518278511 6.0
0.9895747279814131 7.616186518278511 6.0
0.9895832563745623 7.616186518278511 6.0
0.9896823375360871 7.616186518278511 6.0
0.9897103048163874 7.616186518278511 6.0
0.9897746353755038 7.616186518278511 6.0
0.9897934300026737 7.616186518278511 6.0
0.9899488142321703 7.616186518278511 6.0
0.9899558363779764 7.616186518278511 6.0
0.9899751329916954 7.866052866052865 5.0
0.9900464326449085 7.866052866052865 5.0
0.9900808438631705 7.866052866052865 5.0
0.9900847445312086 7.866052866052865 5.0
0.9901014887748956 7.866052866052865 5.0
0.9902018575474705 7.866052866052865 5.0
0.9903458959885555 7.866052866052865 5.0
0.9903524983873435 7.866052866052865 5.0
0.9904080759119834 7.866052866052865 5.0
0.9904424593347008 7.866052866052865 5.0
0.9905401373818727 7.866052866052865 5.0
0.9906096563132142 7.866052866052865 5.0
0.9906715160549555 7.866052866052865 5.0
0.9906890595608518 8.244558258642765 4.0
0.9906901933111328 8.244558258642765 4.0
0.9906962264754752 8.244558258642765 4.0
0.9908534488713813 8.244558258642765 4.0
0.9909555143438509 8.244558258642765 4.0
0.9909675561773967 8.244558258642765 4.0
0.9910107628467733 8.244558258642765 4.0
0.9910848924835277 8.244558258642765 4.0
0.991223497165418 8.244558258642765 4.0
0.991253715874966 8.244558258642765 4.0
0.9913049029777196 8.244558258642765 4.0
0.9913099772036253 8.85142857142857 3.0
0.9913359302884327 8.85142857142857 3.0
0.9914653233883552 8.85142857142857 3.0
0.9915899026948625 8.85142857142857 3.0
0.9916856227360845 8.85142857142857 3.0
0.9916941718662058 8.85142857142857 3.0
0.9917537839808027 8.85142857142857 3.0
0.991852347245297 8.85142857142857 3.0
0.9919110606163746 8.85142857142857 3.0
0.9920081707052614 8.85142857142857 3.0
0.9920988995750162 8.85142857142857 3.0
0.9921169038340415 8.85142857142857 3.0
0.9921997487998727 8.85142857142857 3.0
0.9923066178880137 8.85142857142857 3.0
0.9923125248053956 8.85142857142857 3.0
0.992330961459289 9.91891891891892 2.0
0.9925497744518238 9.91891891891892 2.0
0.9925835691647307 9.91891891891892 2.0
0.9925999418556223 9.91891891891892 2.0
0.9927564421495867 9.91891891891892 2.0
0.9928412669581055 9.91891891891892 2.0
0.9929519488438354 9.91891891891892 2.0
0.9929610672108602 9.91891891891892 2.0
0.9930816521756901 9.91891891891892 2.0
0.9931371752238933 9.91891891891892 2.0
0.9932885804141464 9.91891891891892 2.0
0.9933064132530304 9.91891891891892 2.0
0.9933129116632583 9.91891891891892 2.0
0.9935170259233252 12.142857142857142 1.0
0.9935869662580284 12.142857142857142 1.0
0.9937147856973595 12.142857142857142 1.0
0.9938599455335857 12.142857142857142 1.0
0.9939008345667559 12.142857142857142 1.0
0.9940761830949367 12.142857142857142 1.0
0.9941106310946431 12.142857142857142 1.0
0.9942417287994095 12.142857142857142 1.0
0.9943416471633633 19.0 0.0
0.9945552215977623 19.0 0.0
0.9947532580105864 19.0 0.0
0.9949373926930032 19.0 0.0
0.9951090399519054 19.0 0.0
