0.9800030241783231 3.000061037018952 14.0
0.9800639980021684 3.000061037018952 14.0
0.9801737297434464 3.000061037018952 14.0
0.9802162398638306 3.000061037018952 14.0
0.9803680663584354 3.000061037018952 14.0
0.9807055021047295 3.000061037018952 14.0
0.9807354922057604 3.000061037018952 14.0
0.9808514592416077 3.000061037018952 14.0
0.9809705281319524 3.000061037018952 14.0
0.981247228380049 3.000061037018952 14.0
0.981249862507977 3.000061037018952 14.0
0.981254822211463 3.000061037018952 14.0
0.9812641028073387 3.000061037018952 14.0
0.9812773453569066 3.000061037018952 14.0
0.9812813408587348 3.000061037018952 14.0
0.9813130766689159 3.000061037018952 14.0
0.9813708788553496 3.000061037018952 14.0
0.9814747839185952 3.000061037018952 14.0
0.9816585731059045 3.000061037018952 14.0
0.9819772621787459 3.000061037018952 14.0
0.9820652848888779 3.000061037018952 14.0
0.982218207813141 3.000061037018952 14.0
0.9823985396193333 3.000061037018952 14.0
0.9824010543766921 3.000061037018952 14.0
0.9824057857949762 3.000061037018952 14.0
0.982414632219694 3.000061037018952 14.0
0.9824310499829757 3.000061037018952 14.0
0.9824482598965714 3.000061037018952 14.0
0.982461248400491 3.000061037018952 14.0
0.9825161973318189 3.000061037018952 14.0
0.9825165295894189 3.000061037018952 14.0
0.9826148706413151 3.000061037018952 14.0
0.9827892092503158 3.000061037018952 14.0
0.9830074998557687 3.000061037018952 14.0
0.9830911402943887 3.000061037018952 14.0
0.9834023225470194 3.000061037018952 14.0
0.9834160480520489 3.000061037018952 14.0
0.9834184540728964 3.000061037018952 14.0
0.9834229777887817 3.000061037018952 14.0
0.9834314296907721 3.000061037018952 14.0
0.9834471030962183 3.000061037018952 14.0
0.9834759084986193 3.000061037018952 14.0
0.983528276287575 3.000061037018952 14.0
0.9835976712109495 3.000061037018952 14.0
0.9836013632461857 3.000061037018952 14.0
0.9836222251018202 3.000061037018952 14.0
0.9837125306791455 3.000061037018952 14.0
0.9837880458702215 3.000061037018952 14.0
0.9840749049295543 3.000061037018952 14.0
0.9843218794267728 3.000061037018952 14.0
0.9843241859516859 3.000061037018952 14.0
0.9843285198262351 3.000061037018952 14.0
0.9843366115594784 3.000061037018952 14.0
0.9843516062900468 3.000061037018952 14.0
0.984379143344969 3.000061037018952 14.0
0.9844291644892315 3.000061037018952 14.0
0.984438200351988 3.000061037018952 14.0
0.9845188249836988 3.000061037018952 14.0
0.9845590672971879 3.000061037018952 14.0
0.9846769279751796 3.000061037018952 14.0
0.984799690655495 3.000061037018952 14.0
0.9848065604388402 3.000061037018952 14.0
0.984888438127456 3.000061037018952 14.0
0.984950157292023 3.000061037018952 14.0
0.9851335221425341 3.000061037018952 14.0
0.9851357372567969 3.000061037018952 14.0
0.9851398968976901 3.000061037018952 14.0
0.9851476584395451 3.000061037018952 14.0
0.9851620317218744 3.000061037018952 14.0
0.9851884088631698 3.000061037018952 14.0
0.9852362869462664 3.000061037018952 14.0
0.9853220370188515 3.000061037018952 14.0
0.9853520942830234 3.000061037018952 14.0
0.9854108035625503 3.000061037018952 14.0
0.9854731138247126 3.000061037018952 14.0
0.9857339569410456 3.000061037018952 14.0
0.9857626212188091 3.000061037018952 14.0
0.9858649845486372 3.000061037018952 14.0
0.9858671153707494 3.000061037018952 14.0
0.9858711145024771 3.000061037018952 14.0
0.9858785721780764 3.000061037018952 14.0
0.9858923741936778 3.000061037018952 14.0
0.9859176863551686 3.000061037018952 14.0
0.9859635993048003 3.000061037018952 14.0
0.9859906238233184 3.000061037018952 14.0
0.9860457685992439 3.000061037018952 14.0
0.9861643929392584 3.000061037018952 14.0
0.9861732747937703 3.000061037018952 14.0
0.9861904212270833 3.000061037018952 14.0
0.9862496476250066 3.000061037018952 14.0
0.9864399580659471 3.000061037018952 14.0
0.9865276214591459 3.000061037018952 14.0
0.986529674291767 3.000061037018952 14.0
0.986533525051682 3.000061037018952 14.0
0.9865407021124267 3.000061037018952 14.0
0.986553977122838 3.000061037018952 14.0
0.9865783079139782 3.000061037018952 14.0
0.9866053016952919 3.000061037018952 14.0
0.9866224121781524 3.000061037018952 14.0
0.9867012900256076 3.000061037018952 14.0
0.9868400458238069 3.000061037018952 14.0
0.9868598423514158 3.000061037018952 14.0
0.9868911738022782 3.000061037018952 14.0
0.9869427858318591 3.000061037018952 14.0
0.9870792203202468 3.000061037018952 14.0
0.9871307353541454 3.000061037018952 14.0
0.9871327158062366 3.000061037018952 14.0
0.9871364289838233 3.000061037018952 14.0
0.9871433460742788 3.000061037018952 14.0
0.9871561333277551 3.000061037018952 14.0
0.9871795567837912 3.000061037018952 14.0
0.9872219906835413 3.000061037018952 14.0
0.9872978324638678 3.000061037018952 14.0
0.9873536680172657 3.000061037018952 14.0
0.987431156045359 3.000061037018952 14.0
0.9874469117916141 3.000061037018952 14.0
0.9874813232661439 3.000061037018952 14.0
0.9875452870540549 3.000061037018952 14.0
0.9876607981562577 3.000061037018952 14.0
0.987682020925419 3.000061037018952 14.0
0.9876839340120217 3.000061037018952 14.0
0.9876875192441236 3.000061037018952 14.0
0.9876941947824722 3.000061037018952 14.0
0.9877065292517061 3.000061037018952 14.0
0.9877291112552857 3.000061037018952 14.0
0.9877699977028312 3.000061037018952 14.0
0.9877736315191739 3.000061037018952 14.0
0.987843029990827 3.000061037018952 14.0
0.9879713328557401 3.000061037018952 14.0
0.9880227334824051 3.000061037018952 14.0
0.9880465692223017 3.000061037018952 14.0
0.9881371276913066 3.000061037018952 14.0
0.9881878986790684 3.000061037018952 14.0
0.9881897489035212 3.000061037018952 14.0
0.9881921762724446 3.000061037018952 14.0
0.9881932148350229 3.000061037018952 14.0
0.9881996653257888 3.000061037018952 14.0
0.9882115783134329 3.000061037018952 14.0
0.9882333777595877 3.000061037018952 14.0
0.988272826481789 3.000061037018952 14.0
0.9883432512482128 3.000061037018952 14.0
0.9884522782580064 3.000061037018952 14.0
0.9884668996209733 3.000061037018952 14.0
0.9885049772019003 3.000061037018952 14.0
0.9885628941210652 3.000061037018952 14.0
0.9886244821480119 3.000061037018952 14.0
0.9886537686533481 3.000061037018952 14.0
0.9886555600755683 3.000061037018952 14.0
0.9886589144926936 3.000061037018952 14.0
0.988665154785854 3.000061037018952 14.0
0.9886751958475862 3.000061037018952 14.0
0.988676674425536 3.000061037018952 14.0
0.9886795961572918 3.000061037018952 14.0
0.9886977441841127 3.000061037018952 14.0
0.9887358535561646 3.000061037018952 14.0
0.9888038516256153 3.000061037018952 14.0
0.9889231728915739 3.000061037018952 14.0
0.9890363945454265 3.000061037018952 14.0
0.9890842057430237 3.000061037018952 14.0
0.9890859420366285 3.000061037018952 14.0
0.9890891919783295 3.000061037018952 14.0
0.9890952354855754 3.000061037018952 14.0
0.9891063871595058 3.000061037018952 14.0
0.9891267748761854 3.000061037018952 14.0
0.9891283042714005 3.000061037018952 14.0
0.9891537002474269 3.000061037018952 14.0
0.9891636334452589 3.000061037018952 14.0
0.9891665102035213 3.000061037018952 14.0
0.9891685968537841 3.000061037018952 14.0
0.9892293673640684 3.000061037018952 14.0
0.9893084796083488 3.000061037018952 14.0
0.9893446553968339 3.000061037018952 14.0
0.9894721932030157 3.000061037018952 14.0
0.9894831117505667 3.000061037018952 14.0
0.9894847962509755 3.000061037018952 14.0
0.9894879481026375 3.000061037018952 14.0
0.9894938069790935 3.000061037018952 14.0
0.9895046136685193 3.000061037018952 14.0
0.9895243624360742 3.000061037018952 14.0
0.9895427429874638 3.000061037018952 14.0
0.9895600501961194 3.000061037018952 14.0
0.9896169175836093 3.000061037018952 14.0
0.989623666627642 3.000061037018952 14.0
0.9896629867438136 3.000061037018952 14.0
0.9897330627517468 3.000061037018952 14.0
0.9897351862297623 3.000061037018952 14.0
0.9898538349645013 3.000061037018952 14.0
0.9898554707096953 3.000061037018952 14.0
0.9898585302824553 3.000061037018952 14.0
0.9898642155803252 3.000061037018952 14.0
0.9898746261334102 3.000061037018952 14.0
0.9898746981614807 3.000061037018952 14.0
0.9898938470858646 3.000061037018952 14.0
0.9899266991373139 3.000061037018952 14.0
0.9899284365510627 3.000061037018952 14.0
0.9899900682892566 3.000061037018952 14.0
0.9900313279578042 3.000061037018952 14.0
0.9900464326449085 3.000061037018952 14.0
0.9900980589182622 3.000061037018952 14.0
0.9901141759287999 3.000061037018952 14.0
0.9901992650872705 3.000061037018952 14.0
0.9902008548525256 3.000061037018952 14.0
0.9902038274507997 3.000061037018952 14.0
0.9902093492500312 3.000061037018952 14.0
0.9902195267455205 3.000061037018952 14.0
0.9902381114260806 3.000061037018952 14.0
0.9902473882876881 3.000061037018952 14.0
0.990253630925909 3.000061037018952 14.0
0.990271668540136 3.000061037018952 14.0
0.9902834207660951 3.000061037018952 14.0
0.9903314362124837 3.000061037018952 14.0
0.9904138950239698 3.000061037018952 14.0
0.9904361151264638 3.000061037018952 14.0
0.9905219092508792 3.000061037018952 14.0
0.9905234555785238 3.000061037018952 14.0
0.9905263460578021 3.000061037018952 14.0
0.9905275941689132 3.000061037018952 14.0
0.9905317135778049 3.000061037018952 14.0
0.9905416033712897 3.000061037018952 14.0
0.9905596563103646 3.000061037018952 14.0
0.9905922412210141 3.000061037018952 14.0
0.9905936479029596 3.000061037018952 14.0
0.990615709766267 3.000061037018952 14.0
0.9906502547368036 3.000061037018952 14.0
0.9906890595608518 3.000061037018952 14.0
0.990723927348909 3.000061037018952 14.0
0.9907518196650986 3.000061037018952 14.0
0.990768156538097 3.000061037018952 14.0
0.9908239533795856 3.000061037018952 14.0
0.9908254586046192 3.000061037018952 14.0
0.9908282714211806 3.000061037018952 14.0
0.9908334931168253 3.000061037018952 14.0
0.9908431111373026 3.000061037018952 14.0
0.990860662091378 3.000061037018952 14.0
0.9908923298135104 3.000061037018952 14.0
0.9909077972500506 3.000061037018952 14.0
0.990916137212808 3.000061037018952 14.0
0.9909259960166588 3.000061037018952 14.0
0.990948689602018 3.000061037018952 14.0
0.9910473210247956 3.000061037018952 14.0
0.9910971444925133 3.000061037018952 14.0
0.9911073120957574 3.000061037018952 14.0
0.991108778368011 3.000061037018952 14.0
0.9911115176218849 3.000061037018952 14.0
0.9911166012663839 3.000061037018952 14.0
0.9911259621471114 3.000061037018952 14.0
0.9911430384293138 3.000061037018952 14.0
0.9911509025001558 3.000061037018952 14.0
0.9911738394154708 3.000061037018952 14.0
0.9912163971996117 3.000061037018952 14.0
0.9912172250198586 3.000061037018952 14.0
0.9912286374897169 3.000061037018952 14.0
0.991253715874966 3.000061037018952 14.0
0.9912586361353452 3.000061037018952 14.0
0.9913245005934069 3.000061037018952 14.0
0.9913736695916272 3.000061037018952 14.0
0.9913750988950136 3.000061037018952 14.0
0.9913777683672698 3.000061037018952 14.0
0.9913827211240464 3.000061037018952 14.0
0.9913918383402134 3.000061037018952 14.0
0.9914034724442378 3.000061037018952 14.0
0.9914084650820563 3.000061037018952 14.0
0.9914384457154808 3.000061037018952 14.0
0.9914887674259393 3.000061037018952 14.0
0.9914917665903382 3.000061037018952 14.0
0.9914989752283697 3.000061037018952 14.0
0.9915402814358903 3.000061037018952 14.0
0.9915833882727284 3.000061037018952 14.0
0.9915850129528543 3.000061037018952 14.0
0.9916245133208181 3.000061037018952 14.0
0.9916259074901235 3.000061037018952 14.0
0.9916285106753708 3.000061037018952 14.0
0.9916333391606389 3.000061037018952 14.0
0.9916422251491239 3.000061037018952 14.0
0.9916584255279494 3.000061037018952 14.0
0.9916876285505153 3.000061037018952 14.0
0.9916894053409299 3.000061037018952 14.0
0.9917395500385399 3.000061037018952 14.0
0.9917447370388788 3.000061037018952 14.0
0.9917537839808027 3.000061037018952 14.0
0.9917631944090062 3.000061037018952 14.0
0.9918303190880065 3.000061037018952 14.0
0.9918611619407482 3.000061037018952 14.0
0.9918625226763347 3.000061037018952 14.0
0.9918650628111548 3.000061037018952 14.0
0.9918697731486218 3.000061037018952 14.0
0.9918784394125761 3.000061037018952 14.0
0.9918848605864314 3.000061037018952 14.0
0.9918942348499762 3.000061037018952 14.0
0.9918968225651333 3.000061037018952 14.0
0.9919226997350923 3.000061037018952 14.0
0.9919569158071035 3.000061037018952 14.0
0.9919732936391713 3.000061037018952 14.0
0.9919857454105532 3.000061037018952 14.0
0.9920114707224793 3.000061037018952 14.0
0.992061713921817 3.000061037018952 14.0
0.9920847886197968 3.000061037018952 14.0
0.9920861175005238 3.000061037018952 14.0
0.9920885975884384 3.000061037018952 14.0
0.9920931954572988 3.000061037018952 14.0
0.9921016526578191 3.000061037018952 14.0
0.9921170629933856 3.000061037018952 14.0
0.9921448262721839 3.000061037018952 14.0
0.9921654710327004 3.000061037018952 14.0
0.9921941589906965 3.000061037018952 14.0
0.9921997487998727 3.000061037018952 14.0
0.9922077298594911 3.000061037018952 14.0
0.9922130681302185 3.000061037018952 14.0
0.9922245134824309 3.000061037018952 14.0
0.9922452059808908 3.000061037018952 14.0
0.9922803492771785 3.000061037018952 14.0
0.9922964405829222 3.000061037018952 14.0
0.9922977390775397 3.000061037018952 14.0
0.99230016191101 3.000061037018952 14.0
0.9923046525881991 3.000061037018952 14.0
0.9923129106249641 3.000061037018952 14.0
0.9923279542689761 3.000061037018952 14.0
0.9923550498166576 3.000061037018952 14.0
0.9924031828741191 3.000061037018952 14.0
0.9924273137526455 3.000061037018952 14.0
0.9924278396728972 3.000061037018952 14.0
0.9924433642986584 3.000061037018952 14.0
0.9924656422188302 3.000061037018952 14.0
0.9924872531284247 3.000061037018952 14.0
0.9924970555860068 3.000061037018952 14.0
0.9924983250632343 3.000061037018952 14.0
0.9925006932431084 3.000061037018952 14.0
0.9925050816406246 3.000061037018952 14.0
0.9925131497230597 3.000061037018952 14.0
0.9925267210292841 3.000061037018952 14.0
0.9925278437911107 3.000061037018952 14.0
0.9925543030791694 3.000061037018952 14.0
0.9925999418556223 3.000061037018952 14.0
0.992601293593134 3.000061037018952 14.0
0.9926310724018723 3.000061037018952 14.0
0.992665157493871 3.000061037018952 14.0
0.9926722115479096 3.000061037018952 14.0
0.9926738838412876 3.000061037018952 14.0
0.9926833458240915 3.000061037018952 14.0
0.9926874758680284 3.000061037018952 14.0
0.9926887176054996 3.000061037018952 14.0
0.9926910335582573 3.000061037018952 14.0
0.9926953242562317 3.000061037018952 14.0
0.9927032109665125 3.000061037018952 14.0
0.9927175713985915 3.000061037018952 14.0
0.9927434237176975 3.000061037018952 14.0
0.9927893248109153 3.000061037018952 14.0
0.9928063076012912 3.000061037018952 14.0
0.9928236725790512 3.000061037018952 14.0
0.9928684600206827 3.000061037018952 14.0
0.9928694538230108 3.000061037018952 14.0
0.9928696752129049 3.000061037018952 14.0
0.9928709161847032 3.000061037018952 14.0
0.9928719412059939 3.000061037018952 14.0
0.9928742948848308 3.000061037018952 14.0
0.9928761384820786 3.000061037018952 14.0
0.9928838518310754 3.000061037018952 14.0
0.9928978934972154 3.000061037018952 14.0
0.9929017584677269 3.000061037018952 14.0
0.9929231661547716 3.000061037018952 14.0
0.9929610672108602 3.000061037018952 14.0
0.9929680273201454 3.000061037018952 14.0
0.9930064539191348 3.000061037018952 14.0
0.9930406931295677 3.000061037018952 14.0
0.9930418828950256 3.000061037018952 14.0
0.9930441010505391 3.000061037018952 14.0
0.9930463213776324 3.000061037018952 14.0
0.9930482089060968 3.000061037018952 14.0
0.993055756383193 3.000061037018952 14.0
0.9930576211514119 3.000061037018952 14.0
0.9930657222415875 3.000061037018952 14.0
0.9930694931774704 3.000061037018952 14.0
0.9930718302291385 3.000061037018952 14.0
0.9930942116732299 3.000061037018952 14.0
0.9931173546160077 3.000061037018952 14.0
0.993138079097928 3.000061037018952 14.0
0.9931801491164983 3.000061037018952 14.0
0.9932047954738198 3.000061037018952 14.0
0.9932059608613317 3.000061037018952 14.0
0.9932081331682389 3.000061037018952 14.0
0.9932121553517459 3.000061037018952 14.0
0.9932146205139961 3.000061037018952 14.0
0.9932195439693194 3.000061037018952 14.0
0.9932329888937191 3.000061037018952 14.0
0.9932347904423365 3.000061037018952 14.0
0.9932571770763307 3.000061037018952 14.0
0.993258703401446 3.000061037018952 14.0
0.9932885804141464 3.000061037018952 14.0
0.9933000939304326 3.000061037018952 14.0
0.9933070726769716 3.000061037018952 14.0
0.9933202347882224 3.000061037018952 14.0
0.9933454196901312 3.000061037018952 14.0
0.9933613300178943 3.000061037018952 14.0
0.9933624720123141 3.000061037018952 14.0
0.9933646003374234 3.000061037018952 14.0
0.9933685403654345 3.000061037018952 14.0
0.9933749595913781 3.000061037018952 14.0
0.9933757766986793 3.000061037018952 14.0
0.9933889419381109 3.000061037018952 14.0
0.993403136807841 3.000061037018952 14.0
0.993412622145033 3.000061037018952 14.0
0.9934357553802917 3.000061037018952 14.0
0.9934546288392767 3.000061037018952 14.0
0.9935028644263121 3.000061037018952 14.0
0.9935108088868387 3.000061037018952 14.0
0.9935114921779848 3.000061037018952 14.0
0.993511928414182 3.000061037018952 14.0
0.9935140145119943 3.000061037018952 14.0
0.9935178756879708 3.000061037018952 14.0
0.9935249659106309 3.000061037018952 14.0
0.9935278906721069 3.000061037018952 14.0
0.9935321827926268 3.000061037018952 14.0
0.9935378629001992 3.000061037018952 14.0
0.9935610560830624 3.000061037018952 14.0
0.9935633036547618 3.000061037018952 14.0
0.9935869662580284 3.000061037018952 14.0
0.993602190499586 3.000061037018952 14.0
0.9936037409279428 3.000061037018952 14.0
0.9936530266467558 3.000061037018952 14.0
0.9936536989825115 3.000061037018952 14.0
0.9936547969145769 3.0001220777635353 13.0
0.9936568424361594 3.0002441704309604 12.0
0.9936606278674156 3.0004884004884005 11.0
0.9936675777839299 3.0009770395701025 10.0
0.9936739158902416 3.0019550342130987 9.0
0.9936802172694004 3.0019550342130987 9.0
0.9936920981163433 3.003913894324853 8.0
0.993702943106604 3.003913894324853 8.0
0.9937158732832841 3.007843137254902 7.0
0.9937426388683935 3.007843137254902 7.0
0.9937432408060142 3.007843137254902 7.0
0.9937633393673525 3.015748031496063 6.0
0.9937964004886344 3.015748031496063 6.0
0.9938134929743464 3.015748031496063 6.0
0.9938599455335857 3.0317460317460316 5.0
0.9938613739764492 3.0317460317460316 5.0
0.9938629185975852 3.0317460317460316 5.0
0.9939151637813949 3.0317460317460316 5.0
0.9939334363498049 3.0317460317460316 5.0
0.9939398270600724 3.064516129032258 4.0
0.9940002861246013 3.064516129032258 4.0
0.9940247281859492 3.064516129032258 4.0
0.9940597688975235 3.064516129032258 4.0
0.9941106310946431 3.064516129032258 4.0
0.9941249640010917 3.064516129032258 4.0
0.9941330475347008 3.064516129032258 4.0
0.99417822177519 3.133333333333333 3.0
0.9941976578719938 3.133333333333333 3.0
0.9942991219543238 3.133333333333333 3.0
0.9943240245781623 3.133333333333333 3.0
0.9943292881488182 3.133333333333333 3.0
0.9943416471633633 3.133333333333333 3.0
0.9944550765374506 3.133333333333333 3.0
0.9944627006497083 3.2857142857142856 2.0
0.994463249613959 3.2857142857142856 2.0
0.9945552215977623 3.2857142857142856 2.0
0.9945947601881436 3.2857142857142856 2.0
0.9946181894107108 3.2857142857142856 2.0
0.994720665814838 3.2857142857142856 2.0
0.9947532580105864 3.2857142857142856 2.0
0.994764691987515 3.2857142857142856 2.0
0.9948408379949877 3.2857142857142856 2.0
0.9949034283712477 3.2857142857142856 2.0
0.9949373926930032 3.2857142857142856 2.0
0.9949556597335817 3.2857142857142856 2.0
0.9950350002572966 3.666666666666666 1.0
0.9951090399519054 3.666666666666666 1.0
0.9951599487397979 3.666666666666666 1.0
0.9952694285221644 3.666666666666666 1.0
0.9952787617549053 3.666666666666666 1.0
0.9953918804531544 3.666666666666666 1.0
0.9954196310386875 3.666666666666666 1.0
0.995499704676493 3.666666666666666 1.0
0.9955605880641547 3.666666666666666 1.0
0.9956025976834009 3.666666666666666 1.0
0.9956931278108114 3.666666666666666 1.0
0.995700890239851 3.666666666666666 1.0
0.9958179824305373 5.0 0.0
0.9959358015502654 5.0 0.0
0.9960471635813363 5.0 0.0
0.9961525852185364 5.0 0.0
0.9962525294581337 5.0 0.0
0.9963474123974886 5.0 0.0
0.9964376090269279 5.0 0.0
0.9965234581839323 5.0 0.0
0.9966052668076663 5.0 0.0
0.9966833136064801 5.0 0.0
