0.844 7.000226030729621
0.845 7.000226030729621
0.846 7.000226030729621
0.847 7.000226030729621
0.848 7.000226030729621
0.849 7.000226030729621
0.85 7.000226030729621
0.852 7.000226030729621
0.854 7.000226030729621
0.857 7.000226030729621
0.861 7.000226030729621
0.865 7.000226030729621
0.871 7.000226030729621
0.878 7.000226030729621
0.884 7.000226030729621
0.885 7.000226030729621
0.886 7.000226030729621
0.887 7.000226030729621
0.888 7.000226030729621
0.89 7.000226030729621
0.891 7.000226030729621
0.893 7.000226030729621
0.895 7.000226030729621
0.896 7.000226030729621
0.899 7.000226030729621
0.9 7.000226030729621
0.903 7.000226030729621
0.906 7.000226030729621
0.907 7.000226030729621
0.908 7.000226030729621
0.909 7.000226030729621
0.91 7.000226030729621
0.911 7.000226030729621
0.913 7.000226030729621
0.914 7.000226030729621
0.915 7.000226030729621
0.917 7.000226030729621
0.92 7.000226030729621
0.921 7.000226030729621
0.922 7.000226030729621
0.923 7.000226030729621
0.924 7.000226030729621
0.925 7.000226030729621
0.927 7.000226030729621
0.928 7.000226030729621
0.93 7.000226030729621
0.931 7.000226030729621
0.932 7.000226030729621
0.933 7.000226030729621
0.934 7.000226030729621
0.935 7.000226030729621
0.936 7.000226030729621
0.937 7.000226030729621
0.938 7.000226030729621
0.939 7.000226030729621
0.94 7.000226030729621
0.941 7.000226030729621
0.942 7.000226030729621
0.943 7.000226030729621
0.944 7.000226030729621
0.945 7.000226030729621
0.946 7.000226030729621
0.947 7.000226030729621
0.948 7.000226030729621
0.949 7.000226030729621
0.95 7.000226030729621
0.951 7.000226030729621
0.952 7.000226030729621
0.953 7.000226030729621
0.954 7.000226030729621
0.955 7.000226030729621
0.956 7.000226030729621
0.957 7.000226030729621
0.958 7.000226030729621
0.959 7.000226030729621
0.96 7.000226030729621
0.961 7.000226030729622
0.962 7.000226030729621
0.963 7.000226030729621
0.964 7.000226030729621
0.965 7.000226030729621
0.966 7.000226030729621
0.967 7.000226030729621
0.968 7.000226030729621
0.969 7.000226030729622
0.97 7.000226030729621
0.971 7.000226030729621
0.972 7.00022603072962
0.973 7.000226030729621
0.974 7.0002260307296185
0.975 7.00022603072962
0.976 7.0002260307296185
0.977 7.0002260307296185
0.978 7.00022603072962
0.979 7.00022603072962
0.98 7.0002260307296185
0.981 7.00022603072962
0.982 7.000226030729621
0.983 7.00022603072962
0.984 7.000226030729619
0.985 7.00022603072962
0.986 7.000226030729621
0.987 7.010185965025419
0.988 7.117754634544764
0.989 7.288564150184549
0.99 7.534670137927876
0.991 7.884429872455085
0.992 8.487306383757089
0.993 9.064926640926641
0.994 10.395477109762824
0.995 13.0
