0.795 7.000226030729621
0.796 7.000226030729621
0.797 7.000226030729621
0.798 7.000226030729621
0.799 7.000226030729621
0.8 7.000226030729621
0.802 7.000226030729621
0.803 7.000226030729621
0.806 7.000226030729621
0.809 7.000226030729621
0.813 7.000226030729621
0.818 7.000226030729621
0.824 7.000226030729621
0.832 7.000226030729621
0.843 7.000226030729621
0.857 7.000226030729621
0.86 7.000226030729621
0.861 7.000226030729621
0.862 7.000226030729621
0.863 7.000226030729621
0.864 7.000226030729621
0.866 7.000226030729621
0.867 7.000226030729621
0.869 7.000226030729621
0.872 7.000226030729621
0.875 7.000226030729621
0.879 7.000226030729621
0.885 7.000226030729621
0.891 7.000226030729621
0.892 7.000226030729621
0.893 7.000226030729621
0.894 7.000226030729621
0.895 7.000226030729621
0.896 7.000226030729621
0.898 7.000226030729621
0.9 7.000226030729621
0.902 7.000226030729621
0.905 7.000226030729621
0.908 7.000226030729621
0.91 7.000226030729621
0.911 7.000226030729621
0.912 7.000226030729621
0.913 7.000226030729621
0.914 7.000226030729621
0.915 7.000226030729621
0.916 7.000226030729621
0.918 7.000226030729621
0.92 7.000226030729621
0.922 7.000226030729621
0.924 7.000226030729621
0.925 7.000226030729621
0.926 7.000226030729621
0.927 7.000226030729621
0.928 7.000226030729621
0.929 7.000226030729621
0.93 7.000226030729621
0.932 7.000226030729621
0.933 7.000226030729621
0.934 7.000226030729621
0.935 7.000226030729621
0.936 7.000226030729621
0.937 7.000226030729621
0.938 7.000226030729621
0.939 7.000226030729621
0.94 7.000226030729621
0.941 7.000226030729621
0.942 7.000226030729621
0.943 7.000226030729621
0.944 7.000226030729621
0.945 7.000226030729621
0.946 7.000226030729621
0.947 7.000226030729621
0.948 7.000226030729621
0.949 7.000226030729621
0.95 7.000226030729621
0.951 7.000226030729621
0.952 7.000226030729621
0.953 7.000226030729621
0.954 7.000226030729621
0.955 7.000226030729621
0.956 7.000226030729621
0.957 7.000226030729621
0.958 7.000226030729621
0.959 7.000226030729621
0.96 7.000226030729621
0.961 7.000226030729621
0.962 7.000226030729621
0.963 7.000226030729621
0.964 7.00022603072962
0.965 7.000226030729621
0.966 7.00022603072962
0.967 7.000226030729621
0.968 7.000226030729619
0.969 7.000226030729621
0.97 7.00022603072962
0.971 7.00022603072962
0.972 7.000226030729621
0.973 7.000226030729619
0.974 7.000226030729619
0.975 7.0002260307296185
0.976 7.000226030729619
0.977 7.0002260307296185
0.978 7.00022603072962
0.979 7.000226030729621
0.98 7.000226030729621
0.981 7.000226030729619
0.982 7.00022603072962
0.983 7.00022603072962
0.984 7.000226030729621
0.985 7.000226030729622
0.986 7.000226030729621
0.987 7.000226030729624
0.988 7.000226030729621
0.989 7.000226030729622
0.99 7.000226030729622
0.991 7.000226030729621
0.992 7.000226030729621
0.993 7.000226030729621
0.994 7.000226030729621
0.995 7.000226030729621
0.996 7.000226030729621
0.997 7.0319561661201835
0.998 8.165872454046792
0.999 13.933528122717311
