0.771 19.000846486626184
0.772 19.000846486626184
0.773 19.000846486626184
0.774 19.00084648662618
0.775 19.00084648662618
0.776 19.00084648662618
0.777 19.00084648662618
0.778 19.00084648662618
0.779 19.00084648662618
0.78 19.00084648662618
0.781 19.00084648662618
0.782 19.00084648662618
0.783 19.00084648662618
0.785 19.00084648662618
0.786 19.00084648662618
0.787 19.00084648662618
0.789 19.00084648662618
0.79 19.00084648662618
0.792 19.00084648662618
0.794 19.00084648662618
0.797 19.00084648662618
0.799 19.00084648662618
0.802 19.00084648662618
0.805 19.00084648662618
0.808 19.00084648662618
0.811 19.00084648662618
0.815 19.000846486626184
0.816 19.00084648662618
0.817 19.000846486626184
0.818 19.00084648662618
0.819 19.00084648662618
0.82 19.00084648662618
0.821 19.00084648662618
0.822 19.00084648662618
0.823 19.00084648662618
0.824 19.00084648662618
0.825 19.00084648662618
0.826 19.00084648662618
0.827 19.00084648662618
0.828 19.00084648662618
0.829 19.00084648662618
0.83 19.00084648662618
0.832 19.00084648662618
0.833 19.00084648662618
0.835 19.00084648662618
0.837 19.00084648662618
0.839 19.00084648662618
0.841 19.00084648662618
0.843 19.00084648662618
0.844 19.000846486626184
0.845 19.00084648662618
0.846 19.00084648662618
0.847 19.00084648662618
0.848 19.00084648662618
0.849 19.00084648662618
0.85 19.00084648662618
0.851 19.00084648662618
0.852 19.00084648662618
0.853 19.00084648662618
0.854 19.00084648662618
0.855 19.00084648662618
0.856 19.00084648662618
0.857 19.00084648662618
0.858 19.00084648662618
0.86 19.00084648662618
0.861 19.00084648662618
0.862 19.000846486626184
0.863 19.00084648662618
0.864 19.000846486626184
0.865 19.000846486626184
0.866 19.00084648662618
0.867 19.00084648662618
0.868 19.00084648662618
0.869 19.00084648662618
0.87 19.00084648662618
0.871 19.00084648662618
0.872 19.00084648662618
0.873 19.00084648662618
0.874 19.00084648662618
0.875 19.00084648662618
0.876 19.00084648662618
0.877 19.00084648662618
0.878 19.000846486626184
0.879 19.00084648662618
0.88 19.00084648662618
0.881 19.00084648662618
0.882 19.00084648662618
0.883 19.00084648662618
0.884 19.00084648662618
0.885 19.00084648662618
0.886 19.00084648662618
0.887 19.00084648662618
0.888 19.00084648662618
0.889 19.00084648662618
0.89 19.00084648662618
0.891 19.00084648662618
0.892 19.00084648662618
0.893 19.00084648662618
0.894 19.00084648662618
0.895 19.00084648662618
0.896 19.00084648662618
0.897 19.00084648662618
0.898 19.00084648662618
0.899 19.00084648662618
0.9 19.000846486626184
0.901 19.000846486626184
0.902 19.00084648662618
0.903 19.00084648662618
0.904 19.00084648662618
0.905 19.000846486626184
0.906 19.000846486626184
0.907 19.00084648662618
0.908 19.00084648662618
0.909 19.00084648662618
0.91 19.00084648662618
0.911 19.00084648662618
0.912 19.00084648662618
0.913 19.000846486626184
0.914 19.00084648662618
0.915 19.000846486626184
0.916 19.00084648662618
0.917 19.000846486626184
0.918 19.00084648662618
0.919 19.000846486626184
0.92 19.00084648662618
0.921 19.00084648662618
0.922 19.00084648662618
0.923 19.000846486626184
0.924 19.000846486626184
0.925 19.00084648662618
0.926 19.000846486626184
0.927 19.00084648662618
0.928 19.00084648662618
0.929 19.000846486626184
0.93 19.00084648662618
0.931 19.000846486626184
0.932 19.000846486626184
0.933 19.000846486626184
0.934 19.00084648662618
0.935 19.00084648662618
0.936 19.000846486626184
0.937 19.00084648662618
0.938 19.00084648662618
0.939 19.00084648662618
0.94 19.000846486626184
0.941 19.00084648662618
0.942 19.000846486626184
0.943 19.000846486626184
0.944 19.00084648662618
0.945 19.000846486626184
0.946 19.00084648662618
0.947 19.000846486626184
0.948 19.00084648662618
0.949 19.000846486626184
0.95 19.00084648662618
0.951 19.000846486626184
0.952 19.00084648662618
0.953 19.000846486626184
0.954 19.000846486626184
0.955 19.00084648662618
0.956 19.000846486626184
0.957 19.000846486626184
0.958 19.000846486626184
0.959 19.000846486626184
0.96 19.000846486626184
0.961 19.017966912279995
0.962 19.114611314472725
0.963 19.222242897267392
0.964 19.36323261969676
0.965 19.503289498069417
0.966 19.661333701422116
0.967 19.86366734388309
0.968 20.25144148708521
0.969 20.513341306166453
0.97 20.7743578457201
0.971 21.309847776323657
0.972 21.592731808142823
0.973 21.96626569137458
0.974 22.571220625898462
0.975 23.095244174189553
0.976 24.380663419420134
0.977 26.14697153413322
0.978 26.960686266024098
0.979 30.342029498953178
