0.980076301932978 5.000178220163038 23.0
0.9801675352089328 5.000178220163038 23.0
0.9801808019922443 5.000178220163038 23.0
0.9802674722378351 5.000178220163038 23.0
0.9802711317677641 5.000178220163038 23.0
0.9802764198861672 5.000178220163038 23.0
0.9802840433268527 5.000178220163038 23.0
0.9802950045870564 5.000178220163038 23.0
0.9803107189896004 5.000178220163038 23.0
0.9803331738963403 5.000178220163038 23.0
0.9803651426025394 5.000178220163038 23.0
0.9803997105223686 5.000178220163038 23.0
0.9804104674351372 5.000178220163038 23.0
0.9804475098332058 5.000178220163038 23.0
0.9804744276304874 5.000178220163038 23.0
0.9805045911281907 5.000178220163038 23.0
0.9805191638915186 5.000178220163038 23.0
0.9805642065236554 5.000178220163038 23.0
0.9806301209610863 5.000178220163038 23.0
0.9806894676481762 5.000178220163038 23.0
0.9807354922057604 5.000178220163038 23.0
0.9808630379481759 5.000178220163038 23.0
0.9808985460176118 5.000178220163038 23.0
0.9809759014676169 5.000178220163038 23.0
0.9811016750391017 5.000178220163038 23.0
0.9811358849341365 5.000178220163038 23.0
0.9811394283896403 5.000178220163038 23.0
0.9811445470169919 5.000178220163038 23.0
0.9811519234764905 5.000178220163038 23.0
0.981162525664901 5.000178220163038 23.0
0.9811777193813875 5.000178220163038 23.0
0.9811994214434042 5.000178220163038 23.0
0.9812303052123593 5.000178220163038 23.0
0.9812740723508274 5.000178220163038 23.0
0.9813358055665802 5.000178220163038 23.0
0.9814224159877939 5.000178220163038 23.0
0.9814268601616346 5.000178220163038 23.0
0.981468598959495 5.000178220163038 23.0
0.9815431939323311 5.000178220163038 23.0
0.981585351503015 5.000178220163038 23.0
0.9815880317349155 5.000178220163038 23.0
0.9817104607139139 5.000178220163038 23.0
0.9817442165006378 5.000178220163038 23.0
0.981780081841393 5.000178220163038 23.0
0.9818655042422685 5.000178220163038 23.0
0.9819305677429792 5.000178220163038 23.0
0.9819340024890648 5.000178220163038 23.0
0.9819389624654914 5.000178220163038 23.0
0.9819402985196031 5.000178220163038 23.0
0.9819461078710267 5.000178220163038 23.0
0.9819563743433337 5.000178220163038 23.0
0.9819710815464324 5.000178220163038 23.0
0.9819920806369045 5.000178220163038 23.0
0.9820219520464395 5.000178220163038 23.0
0.9820349439590796 5.000178220163038 23.0
0.9820642667624166 5.000178220163038 23.0
0.9820795888733012 5.000178220163038 23.0
0.9821239251171126 5.000178220163038 23.0
0.98220758593104 5.000178220163038 23.0
0.9822533013535681 5.000178220163038 23.0
0.9823241940337195 5.000178220163038 23.0
0.9823878855186282 5.000178220163038 23.0
0.9824503743917791 5.000178220163038 23.0
0.9824856033361794 5.000178220163038 23.0
0.9825569290900426 5.000178220163038 23.0
0.9826605800055529 5.000178220163038 23.0
0.9826639127086553 5.000178220163038 23.0
0.9826687238400706 5.000178220163038 23.0
0.9826752379534449 5.000178220163038 23.0
0.9826756525899315 5.000178220163038 23.0
0.9826856044451946 5.000178220163038 23.0
0.9826998559831092 5.000178220163038 23.0
0.9827072726467874 5.000178220163038 23.0
0.9827201970880837 5.000178220163038 23.0
0.9827491215493606 5.000178220163038 23.0
0.9827900786348269 5.000178220163038 23.0
0.9828477989729693 5.000178220163038 23.0
0.982915518044109 5.000178220163038 23.0
0.9829287068666677 5.000178220163038 23.0
0.9830074998557687 5.000178220163038 23.0
0.9830089785588104 5.000178220163038 23.0
0.983041426405027 5.000178220163038 23.0
0.9830432638570539 5.000178220163038 23.0
0.9831493471708768 5.000178220163038 23.0
0.9831973781545008 5.000178220163038 23.0
0.983219926529204 5.000178220163038 23.0
0.9832374409964246 5.000178220163038 23.0
0.983333548445262 5.000178220163038 23.0
0.9833367851609345 5.000178220163038 23.0
0.9833414563494047 5.000178220163038 23.0
0.9833481815065342 5.000178220163038 23.0
0.9833578378742788 5.000178220163038 23.0
0.9833716616958669 5.000178220163038 23.0
0.98339138554265 5.000178220163038 23.0
0.9834114438231327 5.000178220163038 23.0
0.9834154396425805 5.000178220163038 23.0
0.9834194222271178 5.000178220163038 23.0
0.9834285962932243 5.000178220163038 23.0
0.9834591073584827 5.000178220163038 23.0
0.9835150132523187 5.000178220163038 23.0
0.9835933456632749 5.000178220163038 23.0
0.9837024301209185 5.000178220163038 23.0
0.9837026445342237 5.000178220163038 23.0
0.983715812121637 5.000178220163038 23.0
0.9838532843201511 5.000178220163038 23.0
0.9839440670433452 5.000178220163038 23.0
0.9839451521584757 5.000178220163038 23.0
0.9839559406798215 5.000178220163038 23.0
0.983956672807885 5.000178220163038 23.0
0.9839590869268225 5.000178220163038 23.0
0.983963626280649 5.000178220163038 23.0
0.9839701597360178 5.000178220163038 23.0
0.9839766210887337 5.000178220163038 23.0
0.9839795380183659 5.000178220163038 23.0
0.9839929595314284 5.000178220163038 23.0
0.984012103117784 5.000178220163038 23.0
0.9840393057371497 5.000178220163038 23.0
0.9840602541963149 5.000178220163038 23.0
0.984077796621986 5.000178220163038 23.0
0.9840947301076799 5.000178220163038 23.0
0.9841320000526089 5.000178220163038 23.0
0.9842079176249494 5.000178220163038 23.0
0.984217014491793 5.000178220163038 23.0
0.9843135962662146 5.000178220163038 23.0
0.9843266643335663 5.000178220163038 23.0
0.9843416605979551 5.000178220163038 23.0
0.9844596781732887 5.000178220163038 23.0
0.9845332781705112 5.000178220163038 23.0
0.9845363389937821 5.000178220163038 23.0
0.9845407539210284 5.000178220163038 23.0
0.984547106532358 5.000178220163038 23.0
0.9845562226094978 5.000178220163038 23.0
0.9845692649846071 5.000178220163038 23.0
0.9845878620271798 5.000178220163038 23.0
0.9846142794937848 5.000178220163038 23.0
0.9846165063589941 5.000178220163038 23.0
0.9846516468408553 5.000178220163038 23.0
0.9846600105657307 5.000178220163038 23.0
0.9846677922019442 5.000178220163038 23.0
0.9847042496188474 5.000178220163038 23.0
0.9847203569661023 5.000178220163038 23.0
0.984753725853332 5.000178220163038 23.0
0.9847778982767356 5.000178220163038 23.0
0.984799690655495 5.000178220163038 23.0
0.9848574189715871 5.000178220163038 23.0
0.9848803791606034 5.000178220163038 23.0
0.9849322634079907 5.000178220163038 23.0
0.9849335996932832 5.000178220163038 23.0
0.9850219836494942 5.000178220163038 23.0
0.9850703037409839 5.000178220163038 23.0
0.9850732837654889 5.000178220163038 23.0
0.9850775810538948 5.000178220163038 23.0
0.9850776051600926 5.000178220163038 23.0
0.9850837627641233 5.000178220163038 23.0
0.9850926311696634 5.000178220163038 23.0
0.985105315599288 5.000178220163038 23.0
0.9851233969157662 5.000178220163038 23.0
0.9851490739049298 5.000178220163038 23.0
0.985185382249491 5.000178220163038 23.0
0.9852160936007793 5.000178220163038 23.0
0.985224030801442 5.000178220163038 23.0
0.9852364772224494 5.000178220163038 23.0
0.9852984583727649 5.000178220163038 23.0
0.9853016218095954 5.000178220163038 23.0
0.985307989930585 5.000178220163038 23.0
0.9853498416546096 5.000178220163038 23.0
0.985407462466791 5.000178220163038 23.0
0.9854797724640363 5.000178220163038 23.0
0.9854854411526272 5.000178220163038 23.0
0.9855448577208475 5.000178220163038 23.0
0.9855711146152906 5.000178220163038 23.0
0.9855740180922876 5.000178220163038 23.0
0.9855782039779143 5.000178220163038 23.0
0.9855842239168982 5.000178220163038 23.0
0.9855877666489429 5.000178220163038 23.0
0.9855928579883175 5.000178220163038 23.0
0.9856052039089988 5.000178220163038 23.0
0.9856227977455491 5.000178220163038 23.0
0.9856477751770066 5.000178220163038 23.0
0.9856713493898702 5.000178220163038 23.0
0.9856830835867677 5.000178220163038 23.0
0.9857327556712512 5.000178220163038 23.0
0.9857331223145759 5.000178220163038 23.0
0.9857852472543145 5.000178220163038 23.0
0.9858022539378477 5.000178220163038 23.0
0.9858342680584232 5.000178220163038 23.0
0.9858849805789051 5.000178220163038 23.0
0.9858988910666456 5.000178220163038 23.0
0.9859887531862409 5.000178220163038 23.0
0.9860323217243943 5.000178220163038 23.0
0.9860392690020229 5.000178220163038 23.0
0.9860420998490267 5.000178220163038 23.0
0.9860461800755124 5.000178220163038 23.0
0.9860520466477695 5.000178220163038 23.0
0.9860604586561424 5.000178220163038 23.0
0.9860724839399378 5.000178220163038 23.0
0.9860896162531515 5.000178220163038 23.0
0.9861139317052905 5.000178220163038 23.0
0.9861482943873271 5.000178220163038 23.0
0.9861499764094792 5.000178220163038 23.0
0.9861873499408276 5.000178220163038 23.0
0.9861966214552176 5.000178220163038 23.0
0.9862150845993387 5.000178220163038 23.0
0.9862287939041471 5.000178220163038 23.0
0.9862473502375237 5.000178220163038 23.0
0.9862496476250066 5.000178220163038 23.0
0.9862642166216663 5.000178220163038 23.0
0.9863052703325761 5.000178220163038 23.0
0.9863322764098985 5.000178220163038 23.0
0.9863581766822025 5.000178220163038 23.0
0.986402062656527 5.000178220163038 23.0
0.9864236810661752 5.000178220163038 23.0
0.9864631463087641 5.000178220163038 23.0
0.986477872179857 5.000178220163038 23.0
0.9864806340153124 5.000178220163038 23.0
0.9864846138852598 5.000178220163038 23.0
0.9864878665305619 5.000178220163038 23.0
0.9864903348460211 5.000178220163038 23.0
0.9864985361083874 5.000178220163038 23.0
0.9865102572286025 5.000178220163038 23.0
0.986526951929404 5.000178220163038 23.0
0.9865506399973499 5.000178220163038 23.0
0.9865841068223269 5.000178220163038 23.0
0.9866311604657525 5.000178220163038 23.0
0.9866654417403348 5.000178220163038 23.0
0.9866969548185256 5.000178220163038 23.0
0.9867389228315026 5.000178220163038 23.0
0.9867561965146096 5.000178220163038 23.0
0.9867883831580038 5.000178220163038 23.0
0.9867884863861609 5.000178220163038 23.0
0.9867963582308049 5.000178220163038 23.0
0.9868896465520297 5.000178220163038 23.0
0.9868923427255257 5.000178220163038 23.0
0.9868962271452578 5.000178220163038 23.0
0.9869018096666692 5.000178220163038 23.0
0.9869063714529248 5.000178220163038 23.0
0.9869098106437972 5.000178220163038 23.0
0.9869145374492111 5.000178220163038 23.0
0.9869212428190812 5.000178220163038 23.0
0.9869226742890859 5.000178220163038 23.0
0.9869375219846559 5.000178220163038 23.0
0.9869606145911802 5.000178220163038 23.0
0.9869932315481487 5.000178220163038 23.0
0.9870390777425384 5.000178220163038 23.0
0.9870410437529908 5.000178220163038 23.0
0.987061724036384 5.000178220163038 23.0
0.9870872127785234 5.000178220163038 23.0
0.9871031654761231 5.000178220163038 23.0
0.9871921958419715 5.000178220163038 23.0
0.9872148046577508 5.000178220163038 23.0
0.9872298749716582 5.000178220163038 23.0
0.9872386789440946 5.000178220163038 23.0
0.9872480417607754 5.000178220163038 23.0
0.9872769890557902 5.000178220163038 23.0
0.987279622674495 5.000178220163038 23.0
0.9872834161931948 5.000178220163038 23.0
0.98728886692218 5.000178220163038 23.0
0.9872966773039669 5.000178220163038 23.0
0.9873078346241115 5.000178220163038 23.0
0.9873114694682515 5.000178220163038 23.0
0.9873150032958643 5.000178220163038 23.0
0.9873214107098658 5.000178220163038 23.0
0.9873237186828006 5.000178220163038 23.0
0.9873462453493799 5.000178220163038 23.0
0.9873780549419813 5.000178220163038 23.0
0.987386203963376 5.000178220163038 23.0
0.9874227546232179 5.000178220163038 23.0
0.9874469117916141 5.000178220163038 23.0
0.9874830431229906 5.000178220163038 23.0
0.9874852226775449 5.000178220163038 23.0
0.9875719784269549 5.000178220163038 23.0
0.9876357572009311 5.000178220163038 23.0
0.9876420185178084 5.000178220163038 23.0
0.9876445924696854 5.000178220163038 23.0
0.9876482993137529 5.000178220163038 23.0
0.9876536244227819 5.000178220163038 23.0
0.9876591290428498 5.000178220163038 23.0
0.9876602338249483 5.000178220163038 23.0
0.987661253203141 5.000178220163038 23.0
0.9876721487393278 5.000178220163038 23.0
0.9876876566325639 5.000178220163038 23.0
0.9876916129687433 5.000178220163038 23.0
0.9877096447166157 5.000178220163038 23.0
0.9877108766025732 5.000178220163038 23.0
0.9877194359943718 5.000178220163038 23.0
0.9877406863095897 5.000178220163038 23.0
0.9877479784280092 5.000178220163038 23.0
0.987784295878365 5.000178220163038 23.0
0.9878179286908924 5.000178220163038 23.0
0.9878219700591597 5.000178220163038 23.0
0.987845224669974 5.000178220163038 23.0
0.987855260746975 5.000178220163038 23.0
0.987929819824962 5.000178220163038 23.0
0.9879866149558556 5.000178220163038 23.0
0.9879891319301263 5.000178220163038 23.0
0.987992756033447 5.000178220163038 23.0
0.9879979612652392 5.000178220163038 23.0
0.9880054168080064 5.000178220163038 23.0
0.9880160627097758 5.000178220163038 23.0
0.9880165716415976 5.000178220163038 23.0
0.9880312120344265 5.000178220163038 23.0
0.9880464420995131 5.000178220163038 23.0
0.9880526869377037 5.000178220163038 23.0
0.9880526961262747 5.000178220163038 23.0
0.9880688577058904 5.000178220163038 23.0
0.9880770677365631 5.000178220163038 23.0
0.988082997061049 5.000178220163038 23.0
0.9881255688252368 5.000178220163038 23.0
0.9881571562843153 5.000178220163038 23.0
0.988185032888048 5.000178220163038 23.0
0.9882057318183075 5.000178220163038 23.0
0.9882059225170803 5.000178220163038 23.0
0.9882210196207454 5.000178220163038 23.0
0.9882675730592384 5.000178220163038 23.0
0.9882929123847783 5.000178220163038 23.0
0.9883124523839628 5.000178220163038 23.0
0.9883149148892041 5.000178220163038 23.0
0.9883184599199055 5.000178220163038 23.0
0.988323550626927 5.000178220163038 23.0
0.9883308407240605 5.000178220163038 23.0
0.9883412483048949 5.000178220163038 23.0
0.988356055438815 5.000178220163038 23.0
0.9883745760470471 5.000178220163038 23.0
0.9883770407910977 5.000178220163038 23.0
0.9883813317556325 5.000178220163038 23.0
0.9883816628586394 5.000178220163038 23.0
0.9884066534079923 5.000178220163038 23.0
0.9884218837764066 5.000178220163038 23.0
0.9884220146695021 5.000178220163038 23.0
0.9884482359720171 5.000178220163038 23.0
0.9884522782580064 5.000178220163038 23.0
0.9885063045208651 5.000178220163038 23.0
0.9885368526229832 5.000178220163038 23.0
0.9885646925319873 5.000178220163038 23.0
0.9885868877192077 5.000178220163038 23.0
0.9885982391502807 5.000178220163038 23.0
0.988621026342789 5.000178220163038 23.0
0.9886234367229885 5.000178220163038 23.0
0.9886269061071681 5.000178220163038 23.0
0.9886318872866415 5.000178220163038 23.0
0.9886390192097829 5.000178220163038 23.0
0.9886491990228846 5.000178220163038 23.0
0.9886636792360192 5.000178220163038 23.0
0.9886841970575632 5.000178220163038 23.0
0.9886979207335033 5.000178220163038 23.0
0.98870497251944 5.000178220163038 23.0
0.9887117644187173 5.000178220163038 23.0
0.988713143801137 5.000178220163038 23.0
0.9887287299611557 5.000178220163038 23.0
0.9887475179517085 5.000178220163038 23.0
0.9887537824098251 5.000178220163038 23.0
0.9887688934981397 5.000178220163038 23.0
0.9888105198377226 5.000178220163038 23.0
0.9888158138964894 5.000178220163038 23.0
0.9888496746383506 5.000178220163038 23.0
0.9888892371901435 5.000178220163038 23.0
0.9889136771207553 5.000178220163038 23.0
0.9889160375695992 5.000178220163038 23.0
0.9889194345124304 5.000178220163038 23.0
0.9889243108374616 5.000178220163038 23.0
0.9889312913837549 5.000178220163038 23.0
0.9889412532893486 5.000178220163038 23.0
0.9889450677515661 5.000178220163038 23.0
0.98895200483199 5.000178220163038 23.0
0.9889529359632594 5.000178220163038 23.0
0.9889554208423534 5.000178220163038 23.0
0.9889754916879974 5.000178220163038 23.0
0.9889976726495877 5.000178220163038 23.0
0.9890038020712334 5.000178220163038 23.0
0.9890299044952429 5.000178220163038 23.0
0.9890435389144219 5.000178220163038 23.0
0.9890551798559579 5.000178220163038 23.0
0.9890956690200465 5.000178220163038 23.0
0.9890990052327359 5.000178220163038 23.0
0.9891332167234822 5.000178220163038 23.0
0.9891458384132933 5.000178220163038 23.0
0.9891636081881318 5.000178220163038 23.0
0.9891759416151072 5.000178220163038 23.0
0.9891916094343153 5.000178220163038 23.0
0.9891939220079403 5.000178220163038 23.0
0.9891972495125004 5.000178220163038 23.0
0.9892020253598324 5.000178220163038 23.0
0.9892088608927583 5.000178220163038 23.0
0.9892186141180411 5.000178220163038 23.0
0.9892324823500781 5.000178220163038 23.0
0.9892521254374564 5.000178220163038 23.0
0.9892798270398206 5.000178220163038 23.0
0.9892818987832118 5.000178220163038 23.0
0.9892844416367389 5.000178220163038 23.0
0.9893009137294176 5.000178220163038 23.0
0.9893084796083488 5.000178220163038 23.0
0.9893187015230078 5.000178220163038 23.0
0.9893305690138459 5.000178220163038 23.0
0.9893464309870291 5.000178220163038 23.0
0.9893729527522742 5.000178220163038 23.0
0.9894039330094366 5.000178220163038 23.0
0.989426642746533 5.000178220163038 23.0
0.9894481873509537 5.000178220163038 23.0
0.989455909182785 5.000178220163038 23.0
0.9894581758111887 5.000178220163038 23.0
0.989461436695301 5.000178220163038 23.0
0.9894661161701288 5.000178220163038 23.0
0.9894705962047569 5.000178220163038 23.0
0.9894728126559973 5.000178220163038 23.0
0.9894746512726934 5.000178220163038 23.0
0.9894823658486868 5.000178220163038 23.0
0.989495947255801 5.000178220163038 23.0
0.9895096384908166 5.000178220163038 23.0
0.9895151805797355 5.000178220163038 23.0
0.9895422992135834 5.000178220163038 23.0
0.9895517774297453 5.000178220163038 23.0
0.9895803481990892 5.000178220163038 23.0
0.989586405133702 5.000178220163038 23.0
0.9895974249786508 5.000178220163038 23.0
0.9896151619201851 5.000178220163038 23.0
0.9896225527111575 5.000178220163038 23.0
0.9896334367169923 5.000178220163038 23.0
0.9896345324136822 5.000178220163038 23.0
0.9896932545914562 5.000178220163038 23.0
0.9896952176770877 5.000178220163038 23.0
0.9897070435284304 5.000178220163038 23.0
0.9897075577736766 5.000178220163038 23.0
0.9897097802709557 5.000178220163038 23.0
0.9897129771822935 5.000178220163038 23.0
0.9897175641405099 5.000178220163038 23.0
0.9897241271811581 5.000178220163038 23.0
0.989733488457447 5.000178220163038 23.0
0.9897467947627213 5.000178220163038 23.0
0.9897656351975528 5.000178220163038 23.0
0.9897921950569006 5.000178220163038 23.0
0.9898083703716277 5.000178220163038 23.0
0.9898294530793299 5.000178220163038 23.0
0.9898608218778085 5.000178220163038 23.0
0.989881427931386 5.000178220163038 23.0
0.9898846961530454 5.000178220163038 23.0
0.9898849404553323 5.000178220163038 23.0
0.989892616354705 5.000178220163038 23.0
0.9899418606726553 5.000178220163038 23.0
0.9899467253998168 5.000178220163038 23.0
0.9899474444205191 5.000178220163038 23.0
0.9899479460819881 5.000178220163038 23.0
0.9899496244940782 5.000178220163038 23.0
0.9899527599237445 5.000178220163038 23.0
0.9899534762078515 5.000178220163038 23.0
0.9899572579919305 5.000178220163038 23.0
0.989963692854094 5.000178220163038 23.0
0.9899708904275761 5.000178220163038 23.0
0.9899728698417057 5.000178220163038 23.0
0.9899774109441442 5.000178220163038 23.0
0.9899859120582132 5.000178220163038 23.0
0.9900043754495764 5.000178220163038 23.0
0.9900303992434475 5.000178220163038 23.0
0.9900464326449085 5.000178220163038 23.0
0.9900526369566177 5.000178220163038 23.0
0.9900601096204001 5.000178220163038 23.0
0.9900668987026894 5.000178220163038 23.0
0.9901178058803507 5.000178220163038 23.0
0.9901338983588587 5.000178220163038 23.0
0.9901410338581783 5.000178220163038 23.0
0.9901714930386624 5.000178220163038 23.0
0.9901763767407781 5.000178220163038 23.0
0.9901785159996308 5.000178220163038 23.0
0.9901815922943964 5.000178220163038 23.0
0.9901860048878294 5.000178220163038 23.0
0.9901880050894194 5.000178220163038 23.0
0.9901883605286264 5.000178220163038 23.0
0.9901892258091993 5.000178220163038 23.0
0.9901923165295873 5.000178220163038 23.0
0.9902013164065238 5.000178220163038 23.0
0.9902141048939536 5.000178220163038 23.0
0.9902321754674992 5.000178220163038 23.0
0.9902322061412853 5.000178220163038 23.0
0.9902429386124332 5.000178220163038 23.0
0.9902577152135205 5.000178220163038 23.0
0.9902854461798002 5.000178220163038 23.0
0.9902934865480509 5.000178220163038 23.0
0.99034008517605 5.000178220163038 23.0
0.9903433692382628 5.000178220163038 23.0
0.990371096107147 5.000178220163038 23.0
0.9903727054352546 5.000178220163038 23.0
0.9903844592740567 5.000178220163038 23.0
0.990395089922262 5.000178220163038 23.0
0.9903971898845328 5.000267338185399 22.0
0.9904002092578892 5.00040102514632 21.0
0.9904045395968012 5.000601577927459 20.0
0.990410732691442 5.000902457374262 19.0
0.9904124911771646 5.001353889699351 18.0
0.990417954029792 5.001353889699351 18.0
0.9904195622209352 5.001353889699351 18.0
0.990432106736645 5.002031292906783 17.0
0.9904353729565489 5.003047971247236 16.0
0.9904498598675308 5.003047971247236 16.0
0.9904748743046886 5.004574280583468 15.0
0.990480172096595 5.00686665587698 14.0
0.9904969994871264 5.00686665587698 14.0
0.9905075870924213 5.00686665587698 14.0
0.9905099461475513 5.00686665587698 14.0
0.9905210896476454 5.010311785062052 13.0
0.9905588449572219 5.010311785062052 13.0
0.9905838120675219 5.0154943065862785 12.0
0.9905971377580702 5.0154943065862785 12.0
0.9906161353452471 5.0154943065862785 12.0
0.9906265914389578 5.0154943065862785 12.0
0.9906373533668216 5.023301633655388 11.0
0.9906774025010976 5.023301633655388 11.0
0.9906854356328816 5.023301633655388 11.0
0.9906890595608518 5.023301633655388 11.0
0.990715870261702 5.023301633655388 11.0
0.9907197778021416 5.023301633655388 11.0
0.9907681215375067 5.035088721237701 10.0
0.990783803041327 5.035088721237701 10.0
0.990786029716461 5.035088721237701 10.0
0.9908127934588916 5.035088721237701 10.0
0.9908368938685604 5.035088721237701 10.0
0.9908469139491917 5.035088721237701 10.0
0.9909227399139103 5.052942697113313 9.0
0.9909401638403217 5.052942697113313 9.0
0.9909919348575948 5.052942697113313 9.0
0.9910187639660655 5.052942697113313 9.0
0.9910323306743922 5.080121016118095 8.0
0.991047489833672 5.080121016118095 8.0
0.9910550481283239 5.080121016118095 8.0
0.9910579798019015 5.080121016118095 8.0
0.9911323100882966 5.080121016118095 8.0
0.9911482390325619 5.080121016118095 8.0
0.9911538620316506 5.080121016118095 8.0
0.9912486100989518 5.080121016118095 8.0
0.991253715874966 5.121808088818398 7.0
0.9912677924976208 5.121808088818398 7.0
0.9912859174332505 5.121808088818398 7.0
0.9913143217190151 5.121808088818398 7.0
0.9913576991626765 5.121808088818398 7.0
0.9913627934693543 5.121808088818398 7.0
0.9914688327132805 5.121808088818398 7.0
0.9914813317915697 5.121808088818398 7.0
0.9914911934810181 5.121808088818398 7.0
0.9915523431610391 5.121808088818398 7.0
0.9915563628792324 5.1864983001457015 6.0
0.9915613020767933 5.1864983001457015 6.0
0.9915671819768688 5.1864983001457015 6.0
0.9917034380133568 5.1864983001457015 6.0
0.9917537839808027 5.1864983001457015 6.0
0.991762111066873 5.1864983001457015 6.0
0.991780728858166 5.1864983001457015 6.0
0.9917852685205845 5.1864983001457015 6.0
0.9918198008487454 5.1864983001457015 6.0
0.991868806653626 5.1864983001457015 6.0
0.9919053421888306 5.1864983001457015 6.0
0.9919482232047367 5.1864983001457015 6.0
0.9920020805367273 5.288721804511279 5.0
0.9920629217733425 5.288721804511279 5.0
0.9920706081674919 5.288721804511279 5.0
0.992097644334168 5.288721804511279 5.0
0.9921997487998727 5.288721804511279 5.0
0.9922077333886409 5.288721804511279 5.0
0.9922225448963119 5.288721804511279 5.0
0.9922810140635443 5.288721804511279 5.0
0.9922919983747892 5.288721804511279 5.0
0.9923407239100261 5.288721804511279 5.0
0.9924030676134175 5.288721804511279 5.0
0.9924560600961906 5.288721804511279 5.0
0.9925082142238633 5.454976303317535 4.0
0.992546771220723 5.454976303317535 4.0
0.9925888413433773 5.454976303317535 4.0
0.9925930318402073 5.454976303317535 4.0
0.9925999418556223 5.454976303317535 4.0
0.9927126234519197 5.454976303317535 4.0
0.9927657401694219 5.454976303317535 4.0
0.9928292377598558 5.454976303317535 4.0
0.9928450328413384 5.454976303317535 4.0
0.9929061679850334 5.454976303317535 4.0
0.9929343856199613 5.454976303317535 4.0
0.9929610672108602 5.454976303317535 4.0
0.9930508362337667 5.454976303317535 4.0
0.9930896920945242 5.454976303317535 4.0
0.9930953424770647 5.454976303317535 4.0
0.9931203301205859 5.7384615384615385 3.0
0.993259142321933 5.7384615384615385 3.0
0.9932639547393056 5.7384615384615385 3.0
0.9932885804141464 5.7384615384615385 3.0
0.9933752180854327 5.7384615384615385 3.0
0.9934296400815645 5.7384615384615385 3.0
0.9934553177557588 5.7384615384615385 3.0
0.9935869662580284 5.7384615384615385 3.0
0.9935873664837305 5.7384615384615385 3.0
0.993611886129874 5.7384615384615385 3.0
0.993640392661512 5.7384615384615385 3.0
0.9937376942367259 5.7384615384615385 3.0
0.993815283690708 5.7384615384615385 3.0
0.9938322211850213 5.7384615384615385 3.0
0.9938599455335857 5.7384615384615385 3.0
0.9938811322235217 5.7384615384615385 3.0
0.9939808092324368 6.263157894736843 2.0
0.9940378582253284 6.263157894736843 2.0
0.9941106310946431 6.263157894736843 2.0
0.9941377022414568 6.263157894736843 2.0
0.9942302209780586 6.263157894736843 2.0
0.9942866211070737 6.263157894736843 2.0
0.9943416471633633 6.263157894736843 2.0
0.9944105549842714 6.263157894736843 2.0
0.9944281589033539 6.263157894736843 2.0
0.9945552215977623 6.263157894736843 2.0
0.9945628512951921 6.263157894736843 2.0
0.9945799546374121 6.263157894736843 2.0
0.9946911833227832 6.263157894736843 2.0
0.9947393854420307 7.4 1.0
0.9947532580105864 7.4 1.0
0.9948897024504922 7.4 1.0
0.9949373926930032 7.4 1.0
0.9950316656222145 7.4 1.0
0.9951090399519054 7.4 1.0
0.995165952688665 7.4 1.0
0.9952694285221644 7.4 1.0
0.9952931699843275 7.4 1.0
0.9954138616092729 7.4 1.0
0.9954196310386875 7.4 1.0
0.995528517215727 7.4 1.0
0.9955605880641547 7.4 1.0
0.9956375786538734 7.4 1.0
0.9956931278108114 11.000000000000004 0.0
0.9958179824305373 11.000000000000004 0.0
0.9959358015502654 11.000000000000004 0.0
0.9960471635813363 11.000000000000004 0.0
0.9961525852185364 11.000000000000004 0.0
