0.821 5.000178220163037
0.822 5.000178220163038
0.823 5.000178220163038
0.824 5.000178220163038
0.826 5.000178220163038
0.828 5.000178220163038
0.831 5.000178220163038
0.835 5.000178220163038
0.841 5.000178220163038
0.849 5.000178220163038
0.86 5.000178220163038
0.877 5.000178220163038
0.881 5.000178220163038
0.882 5.000178220163038
0.883 5.000178220163038
0.884 5.000178220163038
0.885 5.000178220163038
0.887 5.000178220163038
0.89 5.000178220163038
0.893 5.000178220163038
0.898 5.000178220163038
0.9 5.000178220163038
0.904 5.000178220163038
0.909 5.000178220163038
0.91 5.000178220163038
0.911 5.000178220163038
0.912 5.000178220163038
0.913 5.000178220163038
0.915 5.000178220163038
0.917 5.000178220163038
0.92 5.000178220163038
0.924 5.000178220163038
0.925 5.000178220163038
0.926 5.000178220163038
0.927 5.000178220163038
0.928 5.000178220163038
0.929 5.000178220163038
0.93 5.000178220163038
0.931 5.000178220163038
0.933 5.000178220163038
0.935 5.000178220163038
0.936 5.000178220163038
0.938 5.000178220163037
0.939 5.000178220163038
0.94 5.000178220163038
0.941 5.000178220163038
0.942 5.000178220163038
0.943 5.000178220163038
0.946 5.000178220163037
0.947 5.000178220163038
0.948 5.000178220163038
0.949 5.000178220163038
0.95 5.000178220163038
0.951 5.000178220163038
0.952 5.000178220163038
0.953 5.000178220163037
0.954 5.000178220163038
0.955 5.000178220163038
0.956 5.000178220163038
0.957 5.000178220163037
0.958 5.000178220163038
0.959 5.000178220163038
0.96 5.000178220163038
0.961 5.000178220163037
0.962 5.000178220163038
0.963 5.000178220163038
0.964 5.000178220163037
0.965 5.000178220163038
0.966 5.000178220163038
0.967 5.000178220163037
0.968 5.000178220163037
0.969 5.000178220163038
0.97 5.000178220163037
0.971 5.000178220163038
0.972 5.000178220163038
0.973 5.000178220163037
0.974 5.000178220163037
0.975 5.000178220163038
0.976 5.000178220163038
0.977 5.000178220163038
0.978 5.000178220163038
0.979 5.000178220163037
0.98 5.000178220163038
0.981 5.000178220163038
0.982 5.000178220163038
0.983 5.000178220163038
0.984 5.000178220163038
0.985 5.000178220163038
0.986 5.000178220163037
0.987 5.000178220163037
0.988 5.000178220163037
0.989 5.000178220163037
0.99 5.001980067953792
0.991 5.094434739659462
0.992 5.345216574301522
0.993 5.810161751443868
0.994 6.612955465587046
0.995 8.381818181818183
0.996 11.000000000000002
