0.861 5.000178220163038
0.862 5.000178220163038
0.863 5.000178220163038
0.865 5.000178220163038
0.866 5.000178220163038
0.868 5.000178220163038
0.871 5.000178220163038
0.875 5.000178220163038
0.88 5.000178220163038
0.886 5.000178220163038
0.894 5.000178220163038
0.9 5.000178220163037
0.901 5.000178220163038
0.902 5.000178220163038
0.903 5.000178220163038
0.905 5.000178220163038
0.906 5.000178220163038
0.909 5.000178220163038
0.912 5.000178220163038
0.917 5.000178220163038
0.921 5.000178220163037
0.922 5.000178220163038
0.923 5.000178220163038
0.924 5.000178220163038
0.925 5.000178220163038
0.926 5.000178220163038
0.929 5.000178220163038
0.93 5.000178220163038
0.932 5.000178220163038
0.934 5.000178220163037
0.935 5.000178220163038
0.936 5.000178220163038
0.937 5.000178220163038
0.938 5.000178220163038
0.939 5.000178220163038
0.941 5.000178220163038
0.942 5.000178220163038
0.943 5.000178220163038
0.944 5.000178220163038
0.945 5.000178220163038
0.946 5.000178220163038
0.947 5.000178220163038
0.948 5.000178220163038
0.95 5.000178220163037
0.951 5.000178220163038
0.952 5.000178220163038
0.953 5.000178220163038
0.954 5.000178220163038
0.955 5.000178220163038
0.956 5.000178220163037
0.957 5.000178220163038
0.958 5.000178220163038
0.959 5.000178220163038
0.96 5.000178220163037
0.961 5.000178220163038
0.962 5.000178220163038
0.963 5.000178220163038
0.964 5.000178220163037
0.965 5.000178220163038
0.966 5.000178220163037
0.967 5.000178220163037
0.968 5.000178220163038
0.969 5.000178220163038
0.97 5.000178220163037
0.971 5.000178220163037
0.972 5.000178220163037
0.973 5.000178220163038
0.974 5.000178220163037
0.975 5.000178220163038
0.976 5.000178220163038
0.977 5.000178220163038
0.978 5.000178220163037
0.979 5.000178220163038
0.98 5.000178220163037
0.981 5.000178220163037
0.982 5.000178220163038
0.983 5.000178220163038
0.984 5.000178220163038
0.985 5.000178220163038
0.986 5.000178220163037
0.987 5.000178220163037
0.988 5.000178220163037
0.989 5.000178220163037
0.99 5.000178220163037
0.991 5.00017822016304
0.992 5.000178220163037
0.993 5.000178220163036
0.994 5.000178220163037
0.995 5.000178220163036
0.996 5.000178220163038
0.997 5.000178220163036
0.998 5.094279485855261
0.999 7.229284145168027
