0.88 3.000061037018952
0.881 3.000061037018952
0.882 3.000061037018952
0.883 3.000061037018952
0.885 3.000061037018952
0.889 3.000061037018952
0.894 3.000061037018952
0.9 3.000061037018952
0.901 3.000061037018952
0.919 3.000061037018952
0.92 3.000061037018952
0.921 3.000061037018952
0.923 3.000061037018952
0.927 3.000061037018952
0.931 3.000061037018952
0.938 3.000061037018952
0.939 3.000061037018952
0.94 3.000061037018952
0.942 3.000061037018952
0.944 3.000061037018952
0.949 3.000061037018952
0.95 3.000061037018952
0.951 3.000061037018952
0.953 3.000061037018952
0.954 3.000061037018952
0.955 3.000061037018952
0.957 3.000061037018952
0.958 3.000061037018952
0.959 3.000061037018952
0.96 3.000061037018952
0.962 3.000061037018952
0.963 3.000061037018952
0.964 3.000061037018952
0.966 3.000061037018952
0.967 3.000061037018952
0.968 3.000061037018952
0.969 3.000061037018952
0.97 3.000061037018952
0.971 3.000061037018952
0.972 3.000061037018952
0.973 3.000061037018952
0.974 3.000061037018952
0.975 3.000061037018952
0.976 3.000061037018952
0.977 3.000061037018952
0.978 3.000061037018952
0.979 3.000061037018952
0.98 3.000061037018952
0.981 3.000061037018952
0.982 3.000061037018952
0.983 3.000061037018952
0.984 3.000061037018952
0.985 3.000061037018952
0.986 3.000061037018952
0.987 3.000061037018952
0.988 3.000061037018952
0.989 3.000061037018952
0.99 3.000061037018952
0.991 3.000061037018952
0.992 3.000061037018952
0.993 3.000061037018952
0.994 3.0260999227109706
0.995 3.2961038961038964
0.996 4.022222222222221
0.997 5.0
