0.821 8.000267338185399
0.822 8.015494306586278
0.823 8.0350887212377
0.824 8.052942697113313
0.826 8.080121016118095
0.828 8.121808088818398
0.831 8.1864983001457
0.835 8.28872180451128
0.841 8.454976303317535
0.849 8.73846153846154
0.86 9.000267338185399
0.877 9.000267338185399
0.881 9.000267338185399
0.882 9.00686665587698
0.883 9.0350887212377
0.884 9.052942697113313
0.885 9.080121016118095
0.887 9.121808088818398
0.89 9.1864983001457
0.893 9.28872180451128
0.898 9.454976303317535
0.9 9.73846153846154
0.904 9.73846153846154
0.909 10.000267338185399
0.91 10.00457428058347
0.911 10.023301633655388
0.912 10.052942697113313
0.913 10.080121016118095
0.915 10.121808088818398
0.917 10.1864983001457
0.92 10.28872180451128
0.924 10.454976303317535
0.925 10.73846153846154
0.926 10.73846153846154
0.927 10.73846153846154
0.928 10.73846153846154
0.929 10.73846153846154
0.93 11.080121016118095
0.931 11.121808088818398
0.933 11.1864983001457
0.935 11.263157894736842
0.936 11.263157894736842
0.938 11.454976303317535
0.939 11.454976303317535
0.94 11.73846153846154
0.941 11.73846153846154
0.942 11.73846153846154
0.943 11.73846153846154
0.946 12.263157894736842
0.947 12.263157894736842
0.948 12.263157894736842
0.949 12.263157894736842
0.95 12.73846153846154
0.951 12.73846153846154
0.952 12.73846153846154
0.953 12.73846153846154
0.954 13.263157894736842
0.955 13.263157894736842
0.956 13.263157894736842
0.957 13.263157894736842
0.958 13.263157894736842
0.959 13.73846153846154
0.96 14.263157894736842
0.961 14.263157894736842
0.962 14.263157894736842
0.963 14.263157894736842
0.964 14.263157894736842
0.965 14.4
0.966 15.263157894736842
0.967 15.263157894736842
0.968 15.263157894736842
0.969 15.263157894736842
0.97 15.4
0.971 16.263157894736842
0.972 16.263157894736842
0.973 16.4
0.974 16.4
0.975 17.263157894736842
0.976 17.4
0.977 17.4
0.978 18.4
0.979 18.4
0.98 19.4
0.981 19.4
0.982 20.4
0.983 20.4
0.984 21.4
0.985 22.000000000000004
0.986 23.000000000000004
0.987 24.000000000000004
0.988 25.000000000000004
0.989 26.000000000000004
0.99 27.000000000000004
0.991 28.000000000000004
0.992 30.000000000000004
0.993 32.0
0.994 35.0
0.995 39.0
0.996 45.0
0.997 54.0
0.998 71.0
0.999 109.0
