0.795 10.000301379982925
0.796 10.009536317078732
0.797 10.030295517063452
0.798 10.054177847594577
0.799 10.07256474694282
0.8 10.097341626800072
0.802 10.130850267223323
0.803 10.176390417402157
0.806 10.238695861760215
0.809 10.324720264289926
0.813 10.445002119542178
0.818 10.61618651827851
0.824 10.866052866052865
0.832 11.000301379982925
0.843 11.000301379982925
0.857 11.000301379982925
0.86 11.000301379982925
0.861 11.009536317078732
0.862 11.030295517063452
0.863 11.054177847594577
0.864 11.097341626800072
0.866 11.130850267223323
0.867 11.176390417402157
0.869 11.238695861760215
0.872 11.324720264289926
0.875 11.445002119542178
0.879 11.61618651827851
0.885 11.866052866052865
0.891 12.000301379982925
0.892 12.003012440825296
0.893 12.030295517063452
0.894 12.054177847594577
0.895 12.097341626800072
0.896 12.130850267223323
0.898 12.176390417402157
0.9 12.238695861760215
0.902 12.324720264289926
0.905 12.445002119542178
0.908 12.61618651827851
0.91 12.866052866052865
0.911 12.866052866052865
0.912 12.866052866052865
0.913 12.866052866052865
0.914 13.097341626800072
0.915 13.130850267223323
0.916 13.176390417402157
0.918 13.238695861760215
0.92 13.324720264289926
0.922 13.445002119542178
0.924 13.61618651827851
0.925 13.61618651827851
0.926 13.61618651827851
0.927 13.866052866052865
0.928 13.866052866052865
0.929 13.866052866052865
0.93 14.238695861760215
0.932 14.244558258642765
0.933 14.244558258642765
0.934 14.244558258642765
0.935 14.61618651827851
0.936 14.61618651827851
0.937 14.61618651827851
0.938 14.85142857142857
0.939 14.85142857142857
0.94 14.85142857142857
0.941 14.866052866052865
0.942 15.244558258642765
0.943 15.244558258642765
0.944 15.244558258642765
0.945 15.244558258642765
0.946 15.61618651827851
0.947 15.85142857142857
0.948 15.85142857142857
0.949 15.85142857142857
0.95 15.85142857142857
0.951 16.244558258642765
0.952 16.244558258642765
0.953 16.85142857142857
0.954 16.85142857142857
0.955 16.85142857142857
0.956 16.85142857142857
0.957 16.85142857142857
0.958 17.244558258642765
0.959 17.85142857142857
0.96 17.85142857142857
0.961 17.85142857142857
0.962 17.85142857142857
0.963 17.91891891891892
0.964 18.85142857142857
0.965 18.85142857142857
0.966 18.85142857142857
0.967 18.91891891891892
0.968 19.85142857142857
0.969 19.85142857142857
0.97 19.85142857142857
0.971 19.91891891891892
0.972 20.85142857142857
0.973 20.91891891891892
0.974 20.91891891891892
0.975 21.85142857142857
0.976 21.91891891891892
0.977 22.85142857142857
0.978 22.91891891891892
0.979 23.142857142857142
0.98 23.91891891891892
0.981 24.142857142857142
0.982 25.142857142857142
0.983 25.91891891891892
0.984 26.142857142857142
0.985 27.142857142857142
0.986 28.142857142857142
0.987 29.142857142857142
0.988 30.142857142857142
0.989 32.14285714285714
0.99 33.14285714285714
0.991 35.14285714285714
0.992 38.0
0.993 40.0
0.994 43.0
0.995 47.0
0.996 53.0
0.997 62.0
0.998 79.0
0.999 117.0
