0 2 0.9
1 2 0.8805
2 2 0.869
3 2 0.8623
4 2 0.8584
5 2 0.8562
6 2 0.8549
7 2 0.8542
8 2 0.8539
9 2 0.8537
10 2 0.8536
11 2 0.8535
12 2 0.8535
13 2 0.8535

0 3 0.9415
1 3 0.9277
2 3 0.9191
3 3 0.9139
4 3 0.9109
5 3 0.9091
6 3 0.9081
7 3 0.9076
8 3 0.9073
9 3 0.9071
10 3 0.907
11 3 0.907
12 3 0.907
13 3 0.907

0 4 0.9585
1 4 0.9478
2 4 0.9409
3 4 0.9367
4 4 0.9342
5 4 0.9327
6 4 0.9319
7 4 0.9314
8 4 0.9312
9 4 0.931
10 4 0.931
11 4 0.9309
12 4 0.9309
13 4 0.9309

0 5 0.9678
1 5 0.959
2 5 0.9534
3 5 0.9498
4 5 0.9476
5 5 0.9464
6 5 0.9457
7 5 0.9452
8 5 0.945
9 5 0.9449
10 5 0.9448
11 5 0.9448
12 5 0.9448
13 5 0.9448

0 6 0.9737
1 6 0.9663
2 6 0.9614
3 6 0.9583
4 6 0.9565
5 6 0.9553
6 6 0.9547
7 6 0.9543
8 6 0.9541
9 6 0.954
10 6 0.954
11 6 0.9539
12 6 0.9539
13 6 0.9539

0 7 0.9778
1 7 0.9713
2 7 0.9671
3 7 0.9644
4 7 0.9627
5 7 0.9617
6 7 0.9611
7 7 0.9608
8 7 0.9606
9 7 0.9605
10 7 0.9605
11 7 0.9604
12 7 0.9604
13 7 0.9604

0 8 0.9807
1 8 0.9751
2 8 0.9713
3 8 0.9688
4 8 0.9673
5 8 0.9664
6 8 0.9659
7 8 0.9656
8 8 0.9655
9 8 0.9654
10 8 0.9653
11 8 0.9653
12 8 0.9653
13 8 0.9653

0 9 0.983
1 9 0.9779
2 9 0.9745
3 9 0.9723
4 9 0.971
5 9 0.9701
6 9 0.9697
7 9 0.9694
8 9 0.9692
9 9 0.9692
10 9 0.9691
11 9 0.9691
12 9 0.9691
13 9 0.9691

0 10 0.9848
1 10 0.9802
2 10 0.9771
3 10 0.9751
4 10 0.9738
5 10 0.9731
6 10 0.9727
7 10 0.9724
8 10 0.9723
9 10 0.9722
10 10 0.9721
11 10 0.9721
12 10 0.9721
13 10 0.9721

0 11 0.9862
1 11 0.9821
2 11 0.9792
3 11 0.9774
4 11 0.9762
5 11 0.9755
6 11 0.9751
7 11 0.9749
8 11 0.9747
9 11 0.9747
10 11 0.9746
11 11 0.9746
12 11 0.9746
13 11 0.9746

0 12 0.9874
1 12 0.9836
2 12 0.981
3 12 0.9793
4 12 0.9782
5 12 0.9775
6 12 0.9771
7 12 0.9769
8 12 0.9768
9 12 0.9767
10 12 0.9767
11 12 0.9767
12 12 0.9767
13 12 0.9767

0 13 0.9885
1 13 0.9849
2 13 0.9824
3 13 0.9809
4 13 0.9798
5 13 0.9792
6 13 0.9789
7 13 0.9787
8 13 0.9786
9 13 0.9785
10 13 0.9785
11 13 0.9784
12 13 0.9784
13 13 0.9784

0 14 0.9893
1 14 0.986
2 14 0.9837
3 14 0.9822
4 14 0.9813
5 14 0.9807
6 14 0.9804
7 14 0.9802
8 14 0.9801
9 14 0.98
10 14 0.98
11 14 0.98
12 14 0.9799
13 14 0.9799

0 15 0.99
1 15 0.9869
2 15 0.9848
3 15 0.9834
4 15 0.9825
5 15 0.982
6 15 0.9817
7 15 0.9815
8 15 0.9814
9 15 0.9813
10 15 0.9813
11 15 0.9813
12 15 0.9813
13 15 0.9812

0 16 0.9907
1 16 0.9878
2 16 0.9858
3 16 0.9844
4 16 0.9836
5 16 0.9831
6 16 0.9828
7 16 0.9826
8 16 0.9825
9 16 0.9825
10 16 0.9824
11 16 0.9824
12 16 0.9824
13 16 0.9824

0 17 0.9913
1 17 0.9885
2 17 0.9866
3 17 0.9854
4 17 0.9846
5 17 0.9841
6 17 0.9838
7 17 0.9836
8 17 0.9835
9 17 0.9835
10 17 0.9834
11 17 0.9834
12 17 0.9834
13 17 0.9834

0 18 0.9918
1 18 0.9892
2 18 0.9874
3 18 0.9862
4 18 0.9854
5 18 0.985
6 18 0.9847
7 18 0.9845
8 18 0.9844
9 18 0.9844
10 18 0.9844
11 18 0.9843
12 18 0.9843
13 18 0.9843

0 19 0.9922
1 19 0.9897
2 19 0.988
3 19 0.9869
4 19 0.9862
5 19 0.9857
6 19 0.9855
7 19 0.9853
8 19 0.9852
9 19 0.9852
10 19 0.9852
11 19 0.9851
12 19 0.9851
13 19 0.9851

0 20 0.9926
1 20 0.9903
2 20 0.9886
3 20 0.9875
4 20 0.9869
5 20 0.9864
6 20 0.9862
7 20 0.986
8 20 0.986
9 20 0.9859
10 20 0.9859
11 20 0.9859
12 20 0.9859
13 20 0.9859

0 21 0.993
1 21 0.9907
2 21 0.9892
3 21 0.9881
4 21 0.9875
5 21 0.9871
6 21 0.9868
7 21 0.9867
8 21 0.9866
9 21 0.9866
10 21 0.9866
11 21 0.9865
12 21 0.9865
13 21 0.9865

0 22 0.9933
1 22 0.9912
2 22 0.9897
3 22 0.9887
4 22 0.988
5 22 0.9877
6 22 0.9874
7 22 0.9873
8 22 0.9872
9 22 0.9872
10 22 0.9872
11 22 0.9871
12 22 0.9871
13 22 0.9871

0 23 0.9936
1 23 0.9915
2 23 0.9901
3 23 0.9892
4 23 0.9886
5 23 0.9882
6 23 0.988
7 23 0.9878
8 23 0.9878
9 23 0.9877
10 23 0.9877
11 23 0.9877
12 23 0.9877
13 23 0.9877

0 24 0.9939
1 24 0.9919
2 24 0.9905
3 24 0.9896
4 24 0.989
5 24 0.9887
6 24 0.9885
7 24 0.9883
8 24 0.9883
9 24 0.9882
10 24 0.9882
11 24 0.9882
12 24 0.9882
13 24 0.9882

0 25 0.9941
1 25 0.9922
2 25 0.9909
3 25 0.99
4 25 0.9895
5 25 0.9891
6 25 0.9889
7 25 0.9888
8 25 0.9887
9 25 0.9887
10 25 0.9887
11 25 0.9887
12 25 0.9887
13 25 0.9887

0 26 0.9943
1 26 0.9925
2 26 0.9913
3 26 0.9904
4 26 0.9899
5 26 0.9895
6 26 0.9893
7 26 0.9892
8 26 0.9892
9 26 0.9891
10 26 0.9891
11 26 0.9891
12 26 0.9891
13 26 0.9891

0 27 0.9946
1 27 0.9928
2 27 0.9916
3 27 0.9908
4 27 0.9902
5 27 0.9899
6 27 0.9897
7 27 0.9896
8 27 0.9896
9 27 0.9895
10 27 0.9895
11 27 0.9895
12 27 0.9895
13 27 0.9895

0 28 0.9948
1 28 0.9931
2 28 0.9919
3 28 0.9911
4 28 0.9906
5 28 0.9903
6 28 0.9901
7 28 0.99
8 28 0.9899
9 28 0.9899
10 28 0.9899
11 28 0.9899
12 28 0.9899
13 28 0.9899

0 29 0.9949
1 29 0.9933
2 29 0.9922
3 29 0.9914
4 29 0.9909
5 29 0.9906
6 29 0.9904
7 29 0.9903
8 29 0.9903
9 29 0.9902
10 29 0.9902
11 29 0.9902
12 29 0.9902
13 29 0.9902

0 30 0.9951
1 30 0.9935
2 30 0.9924
3 30 0.9917
4 30 0.9912
5 30 0.9909
6 30 0.9908
7 30 0.9907
8 30 0.9906
9 30 0.9906
10 30 0.9905
11 30 0.9905
12 30 0.9905
13 30 0.9905

0 31 0.9953
1 31 0.9937
2 31 0.9927
3 31 0.992
4 31 0.9915
5 31 0.9912
6 31 0.991
7 31 0.9909
8 31 0.9909
9 31 0.9909
10 31 0.9908
11 31 0.9908
12 31 0.9908
13 31 0.9908

0 32 0.9954
1 32 0.9939
2 32 0.9929
3 32 0.9922
4 32 0.9918
5 32 0.9915
6 32 0.9913
7 32 0.9912
8 32 0.9912
9 32 0.9911
10 32 0.9911
11 32 0.9911
12 32 0.9911
13 32 0.9911

0 33 0.9956
1 33 0.9941
2 33 0.9931
3 33 0.9924
4 33 0.992
5 33 0.9917
6 33 0.9916
7 33 0.9915
8 33 0.9914
9 33 0.9914
10 33 0.9914
11 33 0.9914
12 33 0.9914
13 33 0.9914

0 34 0.9957
1 34 0.9943
2 34 0.9933
3 34 0.9927
4 34 0.9922
5 34 0.992
6 34 0.9918
7 34 0.9917
8 34 0.9917
9 34 0.9917
10 34 0.9916
11 34 0.9916
12 34 0.9916
13 34 0.9916

0 35 0.9958
1 35 0.9945
2 35 0.9935
3 35 0.9929
4 35 0.9925
5 35 0.9922
6 35 0.9921
7 35 0.992
8 35 0.9919
9 35 0.9919
10 35 0.9919
11 35 0.9919
12 35 0.9919
13 35 0.9919

0 36 0.9959
1 36 0.9946
2 36 0.9937
3 36 0.9931
4 36 0.9927
5 36 0.9924
6 36 0.9923
7 36 0.9922
8 36 0.9921
9 36 0.9921
10 36 0.9921
11 36 0.9921
12 36 0.9921
13 36 0.9921

0 37 0.996
1 37 0.9948
2 37 0.9939
3 37 0.9933
4 37 0.9929
5 37 0.9926
6 37 0.9925
7 37 0.9924
8 37 0.9924
9 37 0.9923
10 37 0.9923
11 37 0.9923
12 37 0.9923
13 37 0.9923

0 38 0.9962
1 38 0.9949
2 38 0.994
3 38 0.9934
4 38 0.9931
5 38 0.9928
6 38 0.9927
7 38 0.9926
8 38 0.9926
9 38 0.9925
10 38 0.9925
11 38 0.9925
12 38 0.9925
13 38 0.9925

0 39 0.9963
1 39 0.995
2 39 0.9942
3 39 0.9936
4 39 0.9932
5 39 0.993
6 39 0.9929
7 39 0.9928
8 39 0.9927
9 39 0.9927
10 39 0.9927
11 39 0.9927
12 39 0.9927
13 39 0.9927

0 40 0.9963
1 40 0.9952
2 40 0.9943
3 40 0.9938
4 40 0.9934
5 40 0.9932
6 40 0.993
7 40 0.993
8 40 0.9929
9 40 0.9929
10 40 0.9929
11 40 0.9929
12 40 0.9929
13 40 0.9929

0 41 0.9964
1 41 0.9953
2 41 0.9945
3 41 0.9939
4 41 0.9936
5 41 0.9933
6 41 0.9932
7 41 0.9931
8 41 0.9931
9 41 0.9931
10 41 0.9931
11 41 0.993
12 41 0.993
13 41 0.993

0 42 0.9965
1 42 0.9954
2 42 0.9946
3 42 0.9941
4 42 0.9937
5 42 0.9935
6 42 0.9934
7 42 0.9933
8 42 0.9933
9 42 0.9932
10 42 0.9932
11 42 0.9932
12 42 0.9932
13 42 0.9932

0 43 0.9966
1 43 0.9955
2 43 0.9947
3 43 0.9942
4 43 0.9939
5 43 0.9937
6 43 0.9935
7 43 0.9935
8 43 0.9934
9 43 0.9934
10 43 0.9934
11 43 0.9934
12 43 0.9934
13 43 0.9934

0 44 0.9967
1 44 0.9956
2 44 0.9948
3 44 0.9943
4 44 0.994
5 44 0.9938
6 44 0.9937
7 44 0.9936
8 44 0.9936
9 44 0.9935
10 44 0.9935
11 44 0.9935
12 44 0.9935
13 44 0.9935

0 45 0.9968
1 45 0.9957
2 45 0.995
3 45 0.9945
4 45 0.9941
5 45 0.9939
6 45 0.9938
7 45 0.9937
8 45 0.9937
9 45 0.9937
10 45 0.9937
11 45 0.9937
12 45 0.9937
13 45 0.9937

0 46 0.9968
1 46 0.9958
2 46 0.9951
3 46 0.9946
4 46 0.9943
5 46 0.9941
6 46 0.9939
7 46 0.9939
8 46 0.9938
9 46 0.9938
10 46 0.9938
11 46 0.9938
12 46 0.9938
13 46 0.9938

0 47 0.9969
1 47 0.9959
2 47 0.9952
3 47 0.9947
4 47 0.9944
5 47 0.9942
6 47 0.9941
7 47 0.994
8 47 0.994
9 47 0.9939
10 47 0.9939
11 47 0.9939
12 47 0.9939
13 47 0.9939

0 48 0.997
1 48 0.996
2 48 0.9953
3 48 0.9948
4 48 0.9945
5 48 0.9943
6 48 0.9942
7 48 0.9941
8 48 0.9941
9 48 0.9941
10 48 0.9941
11 48 0.9941
12 48 0.994
13 48 0.994

0 49 0.997
1 49 0.9961
2 49 0.9954
3 49 0.9949
4 49 0.9946
5 49 0.9944
6 49 0.9943
7 49 0.9943
8 49 0.9942
9 49 0.9942
10 49 0.9942
11 49 0.9942
12 49 0.9942
13 49 0.9942

0 50 0.9971
1 50 0.9961
2 50 0.9955
3 50 0.995
4 50 0.9947
5 50 0.9945
6 50 0.9944
7 50 0.9944
8 50 0.9943
9 50 0.9943
10 50 0.9943
11 50 0.9943
12 50 0.9943
13 50 0.9943

0 51 0.9971
1 51 0.9962
2 51 0.9955
3 51 0.9951
4 51 0.9948
5 51 0.9946
6 51 0.9945
7 51 0.9945
8 51 0.9944
9 51 0.9944
10 51 0.9944
11 51 0.9944
12 51 0.9944
13 51 0.9944

0 52 0.9972
1 52 0.9963
2 52 0.9956
3 52 0.9952
4 52 0.9949
5 52 0.9947
6 52 0.9946
7 52 0.9946
8 52 0.9945
9 52 0.9945
10 52 0.9945
11 52 0.9945
12 52 0.9945
13 52 0.9945

