0 2 0.9
1 2 0.8749
2 2 0.8567
3 2 0.843
4 2 0.8325
5 2 0.8243
6 2 0.8179
7 2 0.8129
8 2 0.809
9 2 0.8059
10 2 0.8035
11 2 0.8016
12 2 0.8001
13 2 0.799
14 2 0.7981
15 2 0.7974
16 2 0.7968
17 2 0.7964
18 2 0.7961
19 2 0.7958
20 2 0.7956
21 2 0.7955
22 2 0.7954
23 2 0.7953
24 2 0.7952
25 2 0.7952
26 2 0.7951
27 2 0.7951
28 2 0.7951
29 2 0.7951
30 2 0.795
31 2 0.795
32 2 0.795

0 3 0.9415
1 3 0.9237
2 3 0.9101
3 3 0.8995
4 3 0.8912
5 3 0.8846
6 3 0.8794
7 3 0.8753
8 3 0.872
9 3 0.8694
10 3 0.8673
11 3 0.8657
12 3 0.8645
13 3 0.8635
14 3 0.8627
15 3 0.8621
16 3 0.8616
17 3 0.8612
18 3 0.861
19 3 0.8607
20 3 0.8606
21 3 0.8604
22 3 0.8603
23 3 0.8603
24 3 0.8602
25 3 0.8602
26 3 0.8601
27 3 0.8601
28 3 0.8601
29 3 0.8601
30 3 0.86
31 3 0.86
32 3 0.86

0 4 0.9585
1 4 0.9447
2 4 0.9338
3 4 0.9252
4 4 0.9183
5 4 0.9127
6 4 0.9083
7 4 0.9047
8 4 0.9019
9 4 0.8996
10 4 0.8979
11 4 0.8964
12 4 0.8953
13 4 0.8944
14 4 0.8937
15 4 0.8932
16 4 0.8928
17 4 0.8925
18 4 0.8922
19 4 0.892
20 4 0.8918
21 4 0.8917
22 4 0.8916
23 4 0.8916
24 4 0.8915
25 4 0.8915
26 4 0.8914
27 4 0.8914
28 4 0.8914
29 4 0.8914
30 4 0.8914
31 4 0.8914
32 4 0.8914

0 5 0.9678
1 5 0.9565
2 5 0.9475
3 5 0.9401
4 5 0.9342
5 5 0.9294
6 5 0.9256
7 5 0.9224
8 5 0.9199
9 5 0.9179
10 5 0.9163
11 5 0.9151
12 5 0.9141
13 5 0.9133
14 5 0.9126
15 5 0.9122
16 5 0.9118
17 5 0.9115
18 5 0.9112
19 5 0.9111
20 5 0.9109
21 5 0.9108
22 5 0.9107
23 5 0.9107
24 5 0.9106
25 5 0.9106
26 5 0.9106
27 5 0.9105
28 5 0.9105
29 5 0.9105
30 5 0.9105
31 5 0.9105
32 5 0.9105

0 6 0.9737
1 6 0.9642
2 6 0.9564
3 6 0.95
4 6 0.9448
5 6 0.9406
6 6 0.9372
7 6 0.9344
8 6 0.9322
9 6 0.9303
10 6 0.9289
11 6 0.9278
12 6 0.9268
13 6 0.9261
14 6 0.9256
15 6 0.9251
16 6 0.9248
17 6 0.9245
18 6 0.9243
19 6 0.9241
20 6 0.924
21 6 0.9239
22 6 0.9238
23 6 0.9237
24 6 0.9237
25 6 0.9237
26 6 0.9236
27 6 0.9236
28 6 0.9236
29 6 0.9236
30 6 0.9236
31 6 0.9236
32 6 0.9236

0 7 0.9778
1 7 0.9695
2 7 0.9627
3 7 0.9571
4 7 0.9525
5 7 0.9487
6 7 0.9456
7 7 0.9431
8 7 0.941
9 7 0.9394
10 7 0.9381
11 7 0.937
12 7 0.9362
13 7 0.9355
14 7 0.935
15 7 0.9346
16 7 0.9343
17 7 0.934
18 7 0.9338
19 7 0.9336
20 7 0.9335
21 7 0.9334
22 7 0.9334
23 7 0.9333
24 7 0.9333
25 7 0.9332
26 7 0.9332
27 7 0.9332
28 7 0.9332
29 7 0.9332
30 7 0.9332
31 7 0.9331
32 7 0.9331

0 8 0.9807
1 8 0.9735
2 8 0.9674
3 8 0.9624
4 8 0.9582
5 8 0.9548
6 8 0.952
7 8 0.9497
8 8 0.9478
9 8 0.9463
10 8 0.9451
11 8 0.9441
12 8 0.9433
13 8 0.9427
14 8 0.9422
15 8 0.9418
16 8 0.9415
17 8 0.9413
18 8 0.9411
19 8 0.941
20 8 0.9409
21 8 0.9408
22 8 0.9407
23 8 0.9407
24 8 0.9406
25 8 0.9406
26 8 0.9406
27 8 0.9405
28 8 0.9405
29 8 0.9405
30 8 0.9405
31 8 0.9405
32 8 0.9405

0 9 0.983
1 9 0.9765
2 9 0.971
3 9 0.9665
4 9 0.9627
5 9 0.9596
6 9 0.957
7 9 0.9549
8 9 0.9531
9 9 0.9517
10 9 0.9506
11 9 0.9497
12 9 0.949
13 9 0.9484
14 9 0.948
15 9 0.9476
16 9 0.9473
17 9 0.9471
18 9 0.9469
19 9 0.9468
20 9 0.9467
21 9 0.9466
22 9 0.9465
23 9 0.9465
24 9 0.9465
25 9 0.9464
26 9 0.9464
27 9 0.9464
28 9 0.9464
29 9 0.9464
30 9 0.9464
31 9 0.9464
32 9 0.9463

0 10 0.9848
1 10 0.9789
2 10 0.9739
3 10 0.9698
4 10 0.9663
5 10 0.9634
6 10 0.961
7 10 0.9591
8 10 0.9575
9 10 0.9562
10 10 0.9551
11 10 0.9543
12 10 0.9536
13 10 0.9531
14 10 0.9526
15 10 0.9523
16 10 0.952
17 10 0.9518
18 10 0.9517
19 10 0.9515
20 10 0.9514
21 10 0.9514
22 10 0.9513
23 10 0.9513
24 10 0.9512
25 10 0.9512
26 10 0.9512
27 10 0.9512
28 10 0.9511
29 10 0.9511
30 10 0.9511
31 10 0.9511
32 10 0.9511

0 11 0.9862
1 11 0.9809
2 11 0.9763
3 11 0.9725
4 11 0.9693
5 11 0.9666
6 11 0.9644
7 11 0.9626
8 11 0.9611
9 11 0.9598
10 11 0.9589
11 11 0.9581
12 11 0.9574
13 11 0.9569
14 11 0.9565
15 11 0.9562
16 11 0.956
17 11 0.9558
18 11 0.9556
19 11 0.9555
20 11 0.9554
21 11 0.9553
22 11 0.9553
23 11 0.9552
24 11 0.9552
25 11 0.9552
26 11 0.9551
27 11 0.9551
28 11 0.9551
29 11 0.9551
30 11 0.9551
31 11 0.9551
32 11 0.9551

0 12 0.9874
1 12 0.9825
2 12 0.9783
3 12 0.9747
4 12 0.9718
5 12 0.9693
6 12 0.9672
7 12 0.9655
8 12 0.9641
9 12 0.9629
10 12 0.962
11 12 0.9613
12 12 0.9607
13 12 0.9602
14 12 0.9598
15 12 0.9595
16 12 0.9593
17 12 0.9591
18 12 0.9589
19 12 0.9588
20 12 0.9587
21 12 0.9587
22 12 0.9586
23 12 0.9586
24 12 0.9585
25 12 0.9585
26 12 0.9585
27 12 0.9585
28 12 0.9585
29 12 0.9585
30 12 0.9584
31 12 0.9584
32 12 0.9584

0 13 0.9885
1 13 0.9839
2 13 0.98
3 13 0.9767
4 13 0.9739
5 13 0.9715
6 13 0.9696
7 13 0.968
8 13 0.9667
9 13 0.9656
10 13 0.9647
11 13 0.964
12 13 0.9634
13 13 0.963
14 13 0.9626
15 13 0.9623
16 13 0.9621
17 13 0.9619
18 13 0.9618
19 13 0.9617
20 13 0.9616
21 13 0.9615
22 13 0.9615
23 13 0.9614
24 13 0.9614
25 13 0.9614
26 13 0.9614
27 13 0.9614
28 13 0.9613
29 13 0.9613
30 13 0.9613
31 13 0.9613
32 13 0.9613

0 14 0.9893
1 14 0.985
2 14 0.9814
3 14 0.9783
4 14 0.9757
5 14 0.9735
6 14 0.9717
7 14 0.9701
8 14 0.9689
9 14 0.9679
10 14 0.967
11 14 0.9664
12 14 0.9658
13 14 0.9654
14 14 0.9651
15 14 0.9648
16 14 0.9646
17 14 0.9644
18 14 0.9643
19 14 0.9642
20 14 0.9641
21 14 0.964
22 14 0.964
23 14 0.9639
24 14 0.9639
25 14 0.9639
26 14 0.9639
27 14 0.9638
28 14 0.9638
29 14 0.9638
30 14 0.9638
31 14 0.9638
32 14 0.9638

0 15 0.99
1 15 0.9861
2 15 0.9826
3 15 0.9797
4 15 0.9773
5 15 0.9752
6 15 0.9735
7 15 0.972
8 15 0.9708
9 15 0.9699
10 15 0.9691
11 15 0.9684
12 15 0.9679
13 15 0.9675
14 15 0.9672
15 15 0.9669
16 15 0.9667
17 15 0.9666
18 15 0.9664
19 15 0.9663
20 15 0.9663
21 15 0.9662
22 15 0.9662
23 15 0.9661
24 15 0.9661
25 15 0.9661
26 15 0.966
27 15 0.966
28 15 0.966
29 15 0.966
30 15 0.966
31 15 0.966
32 15 0.966

0 16 0.9907
1 16 0.9869
2 16 0.9837
3 16 0.981
4 16 0.9786
5 16 0.9767
6 16 0.975
7 16 0.9737
8 16 0.9726
9 16 0.9716
10 16 0.9709
11 16 0.9703
12 16 0.9698
13 16 0.9694
14 16 0.9691
15 16 0.9688
16 16 0.9686
17 16 0.9685
18 16 0.9684
19 16 0.9683
20 16 0.9682
21 16 0.9681
22 16 0.9681
23 16 0.968
24 16 0.968
25 16 0.968
26 16 0.968
27 16 0.968
28 16 0.968
29 16 0.968
30 16 0.9679
31 16 0.9679
32 16 0.9679

0 17 0.9913
1 17 0.9877
2 17 0.9847
3 17 0.9821
4 17 0.9799
5 17 0.978
6 17 0.9764
7 17 0.9751
8 17 0.9741
9 17 0.9732
10 17 0.9725
11 17 0.9719
12 17 0.9714
13 17 0.9711
14 17 0.9708
15 17 0.9705
16 17 0.9703
17 17 0.9702
18 17 0.9701
19 17 0.97
20 17 0.9699
21 17 0.9698
22 17 0.9698
23 17 0.9698
24 17 0.9697
25 17 0.9697
26 17 0.9697
27 17 0.9697
28 17 0.9697
29 17 0.9697
30 17 0.9697
31 17 0.9697
32 17 0.9697

0 18 0.9918
1 18 0.9884
2 18 0.9855
3 18 0.9831
4 18 0.981
5 18 0.9792
6 18 0.9777
7 18 0.9765
8 18 0.9754
9 18 0.9746
10 18 0.9739
11 18 0.9734
12 18 0.9729
13 18 0.9726
14 18 0.9723
15 18 0.972
16 18 0.9719
17 18 0.9717
18 18 0.9716
19 18 0.9715
20 18 0.9714
21 18 0.9714
22 18 0.9713
23 18 0.9713
24 18 0.9713
25 18 0.9713
26 18 0.9712
27 18 0.9712
28 18 0.9712
29 18 0.9712
30 18 0.9712
31 18 0.9712
32 18 0.9712

0 19 0.9922
1 19 0.989
2 19 0.9863
3 19 0.9839
4 19 0.9819
5 19 0.9802
6 19 0.9788
7 19 0.9776
8 19 0.9767
9 19 0.9759
10 19 0.9752
11 19 0.9747
12 19 0.9742
13 19 0.9739
14 19 0.9736
15 19 0.9734
16 19 0.9732
17 19 0.9731
18 19 0.973
19 19 0.9729
20 19 0.9728
21 19 0.9728
22 19 0.9727
23 19 0.9727
24 19 0.9727
25 19 0.9727
26 19 0.9726
27 19 0.9726
28 19 0.9726
29 19 0.9726
30 19 0.9726
31 19 0.9726
32 19 0.9726

0 20 0.9926
1 20 0.9896
2 20 0.987
3 20 0.9847
4 20 0.9828
5 20 0.9812
6 20 0.9798
7 20 0.9787
8 20 0.9778
9 20 0.977
10 20 0.9764
11 20 0.9759
12 20 0.9754
13 20 0.9751
14 20 0.9748
15 20 0.9746
16 20 0.9745
17 20 0.9743
18 20 0.9742
19 20 0.9741
20 20 0.9741
21 20 0.974
22 20 0.974
23 20 0.974
24 20 0.9739
25 20 0.9739
26 20 0.9739
27 20 0.9739
28 20 0.9739
29 20 0.9739
30 20 0.9739
31 20 0.9739
32 20 0.9739

0 21 0.993
1 21 0.9901
2 21 0.9876
3 21 0.9854
4 21 0.9836
5 21 0.9821
6 21 0.9808
7 21 0.9797
8 21 0.9788
9 21 0.978
10 21 0.9774
11 21 0.9769
12 21 0.9765
13 21 0.9762
14 21 0.976
15 21 0.9758
16 21 0.9756
17 21 0.9755
18 21 0.9754
19 21 0.9753
20 21 0.9752
21 21 0.9752
22 21 0.9751
23 21 0.9751
24 21 0.9751
25 21 0.9751
26 21 0.975
27 21 0.975
28 21 0.975
29 21 0.975
30 21 0.975
31 21 0.975
32 21 0.975

0 22 0.9933
1 22 0.9905
2 22 0.9882
3 22 0.9861
4 22 0.9843
5 22 0.9829
6 22 0.9816
7 22 0.9806
8 22 0.9797
9 22 0.979
10 22 0.9784
11 22 0.9779
12 22 0.9775
13 22 0.9772
14 22 0.977
15 22 0.9768
16 22 0.9766
17 22 0.9765
18 22 0.9764
19 22 0.9763
20 22 0.9763
21 22 0.9762
22 22 0.9762
23 22 0.9762
24 22 0.9761
25 22 0.9761
26 22 0.9761
27 22 0.9761
28 22 0.9761
29 22 0.9761
30 22 0.9761
31 22 0.9761
32 22 0.9761

0 23 0.9936
1 23 0.991
2 23 0.9887
3 23 0.9867
4 23 0.985
5 23 0.9836
6 23 0.9824
7 23 0.9814
8 23 0.9805
9 23 0.9799
10 23 0.9793
11 23 0.9788
12 23 0.9785
13 23 0.9782
14 23 0.9779
15 23 0.9777
16 23 0.9776
17 23 0.9775
18 23 0.9774
19 23 0.9773
20 23 0.9772
21 23 0.9772
22 23 0.9771
23 23 0.9771
24 23 0.9771
25 23 0.9771
26 23 0.9771
27 23 0.9771
28 23 0.977
29 23 0.977
30 23 0.977
31 23 0.977
32 23 0.977

0 24 0.9939
1 24 0.9913
2 24 0.9891
3 24 0.9872
4 24 0.9856
5 24 0.9843
6 24 0.9831
7 24 0.9821
8 24 0.9813
9 24 0.9807
10 24 0.9801
11 24 0.9797
12 24 0.9793
13 24 0.979
14 24 0.9788
15 24 0.9786
16 24 0.9784
17 24 0.9783
18 24 0.9782
19 24 0.9782
20 24 0.9781
21 24 0.9781
22 24 0.978
23 24 0.978
24 24 0.978
25 24 0.978
26 24 0.978
27 24 0.9779
28 24 0.9779
29 24 0.9779
30 24 0.9779
31 24 0.9779
32 24 0.9779

0 25 0.9941
1 25 0.9917
2 25 0.9896
3 25 0.9878
4 25 0.9862
5 25 0.9849
6 25 0.9837
7 25 0.9828
8 25 0.982
9 25 0.9814
10 25 0.9809
11 25 0.9804
12 25 0.9801
13 25 0.9798
14 25 0.9796
15 25 0.9794
16 25 0.9793
17 25 0.9791
18 25 0.9791
19 25 0.979
20 25 0.9789
21 25 0.9789
22 25 0.9789
23 25 0.9788
24 25 0.9788
25 25 0.9788
26 25 0.9788
27 25 0.9788
28 25 0.9788
29 25 0.9788
30 25 0.9787
31 25 0.9787
32 25 0.9787

0 26 0.9943
1 26 0.992
2 26 0.99
3 26 0.9882
4 26 0.9867
5 26 0.9854
6 26 0.9844
7 26 0.9834
8 26 0.9827
9 26 0.9821
10 26 0.9816
11 26 0.9811
12 26 0.9808
13 26 0.9805
14 26 0.9803
15 26 0.9801
16 26 0.98
17 26 0.9799
18 26 0.9798
19 26 0.9797
20 26 0.9797
21 26 0.9796
22 26 0.9796
23 26 0.9796
24 26 0.9796
25 26 0.9796
26 26 0.9795
27 26 0.9795
28 26 0.9795
29 26 0.9795
30 26 0.9795
31 26 0.9795
32 26 0.9795

0 27 0.9946
1 27 0.9923
2 27 0.9903
3 27 0.9887
4 27 0.9872
5 27 0.986
6 27 0.9849
7 27 0.984
8 27 0.9833
9 27 0.9827
10 27 0.9822
11 27 0.9818
12 27 0.9815
13 27 0.9812
14 27 0.981
15 27 0.9808
16 27 0.9807
17 27 0.9806
18 27 0.9805
19 27 0.9804
20 27 0.9804
21 27 0.9804
22 27 0.9803
23 27 0.9803
24 27 0.9803
25 27 0.9803
26 27 0.9802
27 27 0.9802
28 27 0.9802
29 27 0.9802
30 27 0.9802
31 27 0.9802
32 27 0.9802

0 28 0.9948
1 28 0.9926
2 28 0.9907
3 28 0.9891
4 28 0.9876
5 28 0.9864
6 28 0.9854
7 28 0.9846
8 28 0.9839
9 28 0.9833
10 28 0.9828
11 28 0.9824
12 28 0.9821
13 28 0.9819
14 28 0.9816
15 28 0.9815
16 28 0.9814
17 28 0.9812
18 28 0.9812
19 28 0.9811
20 28 0.981
21 28 0.981
22 28 0.981
23 28 0.981
24 28 0.9809
25 28 0.9809
26 28 0.9809
27 28 0.9809
28 28 0.9809
29 28 0.9809
30 28 0.9809
31 28 0.9809
32 28 0.9809

0 29 0.9949
1 29 0.9928
2 29 0.991
3 29 0.9894
4 29 0.9881
5 29 0.9869
6 29 0.9859
7 29 0.9851
8 29 0.9844
9 29 0.9838
10 29 0.9834
11 29 0.983
12 29 0.9827
13 29 0.9824
14 29 0.9822
15 29 0.9821
16 29 0.982
17 29 0.9819
18 29 0.9818
19 29 0.9817
20 29 0.9817
21 29 0.9816
22 29 0.9816
23 29 0.9816
24 29 0.9816
25 29 0.9815
26 29 0.9815
27 29 0.9815
28 29 0.9815
29 29 0.9815
30 29 0.9815
31 29 0.9815
32 29 0.9815

0 30 0.9951
1 30 0.9931
2 30 0.9913
3 30 0.9898
4 30 0.9885
5 30 0.9873
6 30 0.9864
7 30 0.9856
8 30 0.9849
9 30 0.9844
10 30 0.9839
11 30 0.9835
12 30 0.9832
13 30 0.983
14 30 0.9828
15 30 0.9827
16 30 0.9825
17 30 0.9824
18 30 0.9824
19 30 0.9823
20 30 0.9822
21 30 0.9822
22 30 0.9822
23 30 0.9821
24 30 0.9821
25 30 0.9821
26 30 0.9821
27 30 0.9821
28 30 0.9821
29 30 0.9821
30 30 0.9821
31 30 0.9821
32 30 0.9821

0 31 0.9953
1 31 0.9933
2 31 0.9916
3 31 0.9901
4 31 0.9888
5 31 0.9877
6 31 0.9868
7 31 0.986
8 31 0.9854
9 31 0.9848
10 31 0.9844
11 31 0.9841
12 31 0.9838
13 31 0.9835
14 31 0.9833
15 31 0.9832
16 31 0.9831
17 31 0.983
18 31 0.9829
19 31 0.9828
20 31 0.9828
21 31 0.9827
22 31 0.9827
23 31 0.9827
24 31 0.9827
25 31 0.9827
26 31 0.9827
27 31 0.9826
28 31 0.9826
29 31 0.9826
30 31 0.9826
31 31 0.9826
32 31 0.9826

0 32 0.9954
1 32 0.9935
2 32 0.9919
3 32 0.9904
4 32 0.9892
5 32 0.9881
6 32 0.9872
7 32 0.9865
8 32 0.9858
9 32 0.9853
10 32 0.9849
11 32 0.9845
12 32 0.9842
13 32 0.984
14 32 0.9838
15 32 0.9837
16 32 0.9836
17 32 0.9835
18 32 0.9834
19 32 0.9833
20 32 0.9833
21 32 0.9833
22 32 0.9832
23 32 0.9832
24 32 0.9832
25 32 0.9832
26 32 0.9832
27 32 0.9832
28 32 0.9831
29 32 0.9831
30 32 0.9831
31 32 0.9831
32 32 0.9831

0 33 0.9956
1 33 0.9937
2 33 0.9921
3 33 0.9907
4 33 0.9895
5 33 0.9885
6 33 0.9876
7 33 0.9869
8 33 0.9862
9 33 0.9857
10 33 0.9853
11 33 0.985
12 33 0.9847
13 33 0.9845
14 33 0.9843
15 33 0.9841
16 33 0.984
17 33 0.9839
18 33 0.9839
19 33 0.9838
20 33 0.9838
21 33 0.9837
22 33 0.9837
23 33 0.9837
24 33 0.9837
25 33 0.9837
26 33 0.9836
27 33 0.9836
28 33 0.9836
29 33 0.9836
30 33 0.9836
31 33 0.9836
32 33 0.9836

0 34 0.9957
1 34 0.9939
2 34 0.9923
3 34 0.991
4 34 0.9898
5 34 0.9888
6 34 0.9879
7 34 0.9872
8 34 0.9866
9 34 0.9861
10 34 0.9857
11 34 0.9854
12 34 0.9851
13 34 0.9849
14 34 0.9847
15 34 0.9846
16 34 0.9845
17 34 0.9844
18 34 0.9843
19 34 0.9843
20 34 0.9842
21 34 0.9842
22 34 0.9842
23 34 0.9841
24 34 0.9841
25 34 0.9841
26 34 0.9841
27 34 0.9841
28 34 0.9841
29 34 0.9841
30 34 0.9841
31 34 0.9841
32 34 0.9841

0 35 0.9958
1 35 0.9941
2 35 0.9925
3 35 0.9912
4 35 0.9901
5 35 0.9891
6 35 0.9883
7 35 0.9876
8 35 0.987
9 35 0.9865
10 35 0.9861
11 35 0.9858
12 35 0.9855
13 35 0.9853
14 35 0.9851
15 35 0.985
16 35 0.9849
17 35 0.9848
18 35 0.9847
19 35 0.9847
20 35 0.9846
21 35 0.9846
22 35 0.9846
23 35 0.9846
24 35 0.9846
25 35 0.9845
26 35 0.9845
27 35 0.9845
28 35 0.9845
29 35 0.9845
30 35 0.9845
31 35 0.9845
32 35 0.9845

0 36 0.9959
1 36 0.9942
2 36 0.9928
3 36 0.9915
4 36 0.9904
5 36 0.9894
6 36 0.9886
7 36 0.9879
8 36 0.9874
9 36 0.9869
10 36 0.9865
11 36 0.9862
12 36 0.9859
13 36 0.9857
14 36 0.9855
15 36 0.9854
16 36 0.9853
17 36 0.9852
18 36 0.9851
19 36 0.9851
20 36 0.9851
21 36 0.985
22 36 0.985
23 36 0.985
24 36 0.985
25 36 0.9849
26 36 0.9849
27 36 0.9849
28 36 0.9849
29 36 0.9849
30 36 0.9849
31 36 0.9849
32 36 0.9849

0 37 0.996
1 37 0.9944
2 37 0.993
3 37 0.9917
4 37 0.9906
5 37 0.9897
6 37 0.9889
7 37 0.9882
8 37 0.9877
9 37 0.9872
10 37 0.9868
11 37 0.9865
12 37 0.9863
13 37 0.9861
14 37 0.9859
15 37 0.9858
16 37 0.9857
17 37 0.9856
18 37 0.9855
19 37 0.9855
20 37 0.9854
21 37 0.9854
22 37 0.9854
23 37 0.9854
24 37 0.9853
25 37 0.9853
26 37 0.9853
27 37 0.9853
28 37 0.9853
29 37 0.9853
30 37 0.9853
31 37 0.9853
32 37 0.9853

0 38 0.9962
1 38 0.9945
2 38 0.9931
3 38 0.9919
4 38 0.9909
5 38 0.9899
6 38 0.9892
7 38 0.9885
8 38 0.988
9 38 0.9875
10 38 0.9872
11 38 0.9869
12 38 0.9866
13 38 0.9864
14 38 0.9863
15 38 0.9861
16 38 0.986
17 38 0.986
18 38 0.9859
19 38 0.9858
20 38 0.9858
21 38 0.9858
22 38 0.9857
23 38 0.9857
24 38 0.9857
25 38 0.9857
26 38 0.9857
27 38 0.9857
28 38 0.9857
29 38 0.9857
30 38 0.9857
31 38 0.9857
32 38 0.9857

0 39 0.9963
1 39 0.9947
2 39 0.9933
3 39 0.9921
4 39 0.9911
5 39 0.9902
6 39 0.9895
7 39 0.9888
8 39 0.9883
9 39 0.9879
10 39 0.9875
11 39 0.9872
12 39 0.987
13 39 0.9868
14 39 0.9866
15 39 0.9865
16 39 0.9864
17 39 0.9863
18 39 0.9862
19 39 0.9862
20 39 0.9861
21 39 0.9861
22 39 0.9861
23 39 0.9861
24 39 0.9861
25 39 0.986
26 39 0.986
27 39 0.986
28 39 0.986
29 39 0.986
30 39 0.986
31 39 0.986
32 39 0.986

0 40 0.9963
1 40 0.9948
2 40 0.9935
3 40 0.9923
4 40 0.9913
5 40 0.9904
6 40 0.9897
7 40 0.9891
8 40 0.9886
9 40 0.9882
10 40 0.9878
11 40 0.9875
12 40 0.9873
13 40 0.9871
14 40 0.9869
15 40 0.9868
16 40 0.9867
17 40 0.9866
18 40 0.9866
19 40 0.9865
20 40 0.9865
21 40 0.9864
22 40 0.9864
23 40 0.9864
24 40 0.9864
25 40 0.9864
26 40 0.9864
27 40 0.9864
28 40 0.9864
29 40 0.9864
30 40 0.9864
31 40 0.9863
32 40 0.9863

0 41 0.9964
1 41 0.9949
2 41 0.9936
3 41 0.9925
4 41 0.9915
5 41 0.9907
6 41 0.99
7 41 0.9894
8 41 0.9888
9 41 0.9884
10 41 0.9881
11 41 0.9878
12 41 0.9876
13 41 0.9874
14 41 0.9872
15 41 0.9871
16 41 0.987
17 41 0.9869
18 41 0.9869
19 41 0.9868
20 41 0.9868
21 41 0.9868
22 41 0.9867
23 41 0.9867
24 41 0.9867
25 41 0.9867
26 41 0.9867
27 41 0.9867
28 41 0.9867
29 41 0.9867
30 41 0.9867
31 41 0.9867
32 41 0.9867

0 42 0.9965
1 42 0.9951
2 42 0.9938
3 42 0.9927
4 42 0.9917
5 42 0.9909
6 42 0.9902
7 42 0.9896
8 42 0.9891
9 42 0.9887
10 42 0.9884
11 42 0.9881
12 42 0.9879
13 42 0.9877
14 42 0.9875
15 42 0.9874
16 42 0.9873
17 42 0.9872
18 42 0.9872
19 42 0.9871
20 42 0.9871
21 42 0.9871
22 42 0.987
23 42 0.987
24 42 0.987
25 42 0.987
26 42 0.987
27 42 0.987
28 42 0.987
29 42 0.987
30 42 0.987
31 42 0.987
32 42 0.987

0 43 0.9966
1 43 0.9952
2 43 0.9939
3 43 0.9928
4 43 0.9919
5 43 0.9911
6 43 0.9904
7 43 0.9898
8 43 0.9894
9 43 0.989
10 43 0.9886
11 43 0.9883
12 43 0.9881
13 43 0.9879
14 43 0.9878
15 43 0.9877
16 43 0.9876
17 43 0.9875
18 43 0.9875
19 43 0.9874
20 43 0.9874
21 43 0.9874
22 43 0.9873
23 43 0.9873
24 43 0.9873
25 43 0.9873
26 43 0.9873
27 43 0.9873
28 43 0.9873
29 43 0.9873
30 43 0.9873
31 43 0.9873
32 43 0.9873

0 44 0.9967
1 44 0.9953
2 44 0.9941
3 44 0.993
4 44 0.9921
5 44 0.9913
6 44 0.9906
7 44 0.9901
8 44 0.9896
9 44 0.9892
10 44 0.9889
11 44 0.9886
12 44 0.9884
13 44 0.9882
14 44 0.9881
15 44 0.988
16 44 0.9879
17 44 0.9878
18 44 0.9877
19 44 0.9877
20 44 0.9877
21 44 0.9876
22 44 0.9876
23 44 0.9876
24 44 0.9876
25 44 0.9876
26 44 0.9876
27 44 0.9875
28 44 0.9875
29 44 0.9875
30 44 0.9875
31 44 0.9875
32 44 0.9875

0 45 0.9968
1 45 0.9954
2 45 0.9942
3 45 0.9932
4 45 0.9923
5 45 0.9915
6 45 0.9908
7 45 0.9903
8 45 0.9898
9 45 0.9894
10 45 0.9891
11 45 0.9889
12 45 0.9886
13 45 0.9885
14 45 0.9883
15 45 0.9882
16 45 0.9881
17 45 0.9881
18 45 0.988
19 45 0.988
20 45 0.9879
21 45 0.9879
22 45 0.9879
23 45 0.9879
24 45 0.9878
25 45 0.9878
26 45 0.9878
27 45 0.9878
28 45 0.9878
29 45 0.9878
30 45 0.9878
31 45 0.9878
32 45 0.9878

0 46 0.9968
1 46 0.9955
2 46 0.9943
3 46 0.9933
4 46 0.9924
5 46 0.9917
6 46 0.991
7 46 0.9905
8 46 0.99
9 46 0.9897
10 46 0.9893
11 46 0.9891
12 46 0.9889
13 46 0.9887
14 46 0.9886
15 46 0.9885
16 46 0.9884
17 46 0.9883
18 46 0.9882
19 46 0.9882
20 46 0.9882
21 46 0.9881
22 46 0.9881
23 46 0.9881
24 46 0.9881
25 46 0.9881
26 46 0.9881
27 46 0.9881
28 46 0.9881
29 46 0.9881
30 46 0.9881
31 46 0.9881
32 46 0.9881

0 47 0.9969
1 47 0.9956
2 47 0.9944
3 47 0.9935
4 47 0.9926
5 47 0.9918
6 47 0.9912
7 47 0.9907
8 47 0.9902
9 47 0.9899
10 47 0.9896
11 47 0.9893
12 47 0.9891
13 47 0.9889
14 47 0.9888
15 47 0.9887
16 47 0.9886
17 47 0.9885
18 47 0.9885
19 47 0.9884
20 47 0.9884
21 47 0.9884
22 47 0.9884
23 47 0.9883
24 47 0.9883
25 47 0.9883
26 47 0.9883
27 47 0.9883
28 47 0.9883
29 47 0.9883
30 47 0.9883
31 47 0.9883
32 47 0.9883

0 48 0.997
1 48 0.9957
2 48 0.9946
3 48 0.9936
4 48 0.9927
5 48 0.992
6 48 0.9914
7 48 0.9909
8 48 0.9904
9 48 0.9901
10 48 0.9898
11 48 0.9895
12 48 0.9893
13 48 0.9892
14 48 0.989
15 48 0.9889
16 48 0.9888
17 48 0.9888
18 48 0.9887
19 48 0.9887
20 48 0.9886
21 48 0.9886
22 48 0.9886
23 48 0.9886
24 48 0.9886
25 48 0.9886
26 48 0.9886
27 48 0.9885
28 48 0.9885
29 48 0.9885
30 48 0.9885
31 48 0.9885
32 48 0.9885

0 49 0.997
1 49 0.9958
2 49 0.9947
3 49 0.9937
4 49 0.9929
5 49 0.9922
6 49 0.9916
7 49 0.9911
8 49 0.9906
9 49 0.9903
10 49 0.99
11 49 0.9897
12 49 0.9895
13 49 0.9894
14 49 0.9892
15 49 0.9891
16 49 0.9891
17 49 0.989
18 49 0.9889
19 49 0.9889
20 49 0.9889
21 49 0.9888
22 49 0.9888
23 49 0.9888
24 49 0.9888
25 49 0.9888
26 49 0.9888
27 49 0.9888
28 49 0.9888
29 49 0.9888
30 49 0.9888
31 49 0.9888
32 49 0.9888

0 50 0.9971
1 50 0.9959
2 50 0.9948
3 50 0.9938
4 50 0.993
5 50 0.9923
6 50 0.9917
7 50 0.9912
8 50 0.9908
9 50 0.9905
10 50 0.9902
11 50 0.9899
12 50 0.9897
13 50 0.9896
14 50 0.9895
15 50 0.9894
16 50 0.9893
17 50 0.9892
18 50 0.9892
19 50 0.9891
20 50 0.9891
21 50 0.9891
22 50 0.989
23 50 0.989
24 50 0.989
25 50 0.989
26 50 0.989
27 50 0.989
28 50 0.989
29 50 0.989
30 50 0.989
31 50 0.989
32 50 0.989

0 51 0.9971
1 51 0.9959
2 51 0.9949
3 51 0.994
4 51 0.9932
5 51 0.9925
6 51 0.9919
7 51 0.9914
8 51 0.991
9 51 0.9906
10 51 0.9904
11 51 0.9901
12 51 0.9899
13 51 0.9898
14 51 0.9897
15 51 0.9896
16 51 0.9895
17 51 0.9894
18 51 0.9894
19 51 0.9893
20 51 0.9893
21 51 0.9893
22 51 0.9892
23 51 0.9892
24 51 0.9892
25 51 0.9892
26 51 0.9892
27 51 0.9892
28 51 0.9892
29 51 0.9892
30 51 0.9892
31 51 0.9892
32 51 0.9892

0 52 0.9972
1 52 0.996
2 52 0.995
3 52 0.9941
4 52 0.9933
5 52 0.9926
6 52 0.992
7 52 0.9916
8 52 0.9912
9 52 0.9908
10 52 0.9905
11 52 0.9903
12 52 0.9901
13 52 0.99
14 52 0.9898
15 52 0.9897
16 52 0.9897
17 52 0.9896
18 52 0.9896
19 52 0.9895
20 52 0.9895
21 52 0.9895
22 52 0.9894
23 52 0.9894
24 52 0.9894
25 52 0.9894
26 52 0.9894
27 52 0.9894
28 52 0.9894
29 52 0.9894
30 52 0.9894
31 52 0.9894
32 52 0.9894

