0.701 22.00094054954201
0.702 22.013117389135164
0.703 22.051804742068494
0.704 22.08804811643334
0.705 22.134821448516576
0.706 22.18587182607113
0.707 22.230476256644707
0.708 22.2567422071923
0.709 22.318886131168302
0.71 22.355577799395654
0.711 22.396653568249846
0.712 22.49429479050101
0.714 22.55224947878356
0.715 22.617398957006266
0.716 22.69073729092902
0.718 22.773421781768736
0.719 22.866806502292505
0.721 22.97248451253438
0.723 23.00094054954201
0.725 23.00094054954201
0.728 23.00094054954201
0.73 23.00094054954201
0.733 23.00094054954201
0.736 23.00094054954201
0.74 23.00094054954201
0.744 23.00094054954201
0.748 23.00094054954201
0.752 23.00094054954201
0.758 23.00094054954201
0.764 23.00094054954201
0.77 23.00094054954201
0.777 23.00094054954201
0.779 23.00094054954201
0.78 23.018002453593677
0.781 23.05759397608806
0.782 23.097927043723132
0.783 23.15002635135181
0.784 23.206951656549155
0.785 23.2567422071923
0.786 23.286085231923543
0.787 23.355577799395654
0.788 23.396653568249846
0.789 23.44267718120547
0.79 23.55224947878356
0.792 23.617398957006266
0.793 23.69073729092902
0.794 23.773421781768736
0.795 23.866806502292505
0.796 23.866806502292505
0.797 23.97248451253438
0.799 24.00094054954201
0.801 24.00094054954201
0.803 24.00094054954201
0.805 24.00094054954201
0.806 24.00094054954201
0.808 24.00094054954201
0.811 24.00094054954201
0.814 24.00094054954201
0.817 24.00094054954201
0.818 24.00094054954201
0.819 24.00094054954201
0.82 24.002185222420657
0.821 24.041920579064552
0.822 24.08804811643334
0.823 24.134821448516576
0.824 24.18587182607113
0.825 24.230476256644707
0.826 24.286085231923543
0.827 24.355577799395654
0.828 24.396653568249846
0.829 24.49429479050101
0.83 24.55224947878356
0.831 24.617398957006266
0.832 24.69073729092902
0.833 24.773421781768736
0.834 24.773421781768736
0.835 24.866806502292505
0.836 24.97248451253438
0.838 25.00094054954201
0.84 25.00094054954201
0.842 25.00094054954201
0.844 25.00094054954201
0.846 25.00094054954201
0.847 25.041920579064552
0.848 25.08804811643334
0.849 25.15002635135181
0.85 25.206951656549155
0.851 25.2567422071923
0.852 25.318886131168302
0.853 25.396653568249846
0.854 25.44267718120547
0.855 25.49429479050101
0.856 25.55224947878356
0.858 25.69073729092902
0.859 25.773421781768736
0.86 25.866806502292505
0.861 25.97248451253438
0.863 26.00094054954201
0.864 26.00094054954201
0.865 26.01619929196429
0.866 26.064034284420575
0.867 26.121175932517446
0.868 26.166974285310843
0.869 26.230476256644707
0.87 26.286085231923543
0.871 26.355577799395654
0.872 26.44267718120547
0.873 26.49429479050101
0.874 26.55224947878356
0.875 26.69073729092902
0.877 26.773421781768736
0.878 26.866806502292505
0.879 26.97248451253438
0.88 27.064034284420575
0.881 27.121175932517446
0.882 27.18587182607113
0.883 27.230476256644707
0.884 27.318886131168302
0.885 27.396653568249846
0.886 27.44267718120547
0.887 27.55224947878356
0.888 27.617398957006266
0.889 27.69073729092902
0.89 27.773421781768736
0.891 27.866806502292505
0.892 27.97248451253438
0.893 28.09234151622629
0.894 28.09234151622629
0.895 28.2286247718757
0.896 28.384032599155283
0.897 28.384032599155283
0.898 28.55224947878356
0.899 28.617398957006266
0.9 28.69073729092902
0.901 28.773421781768736
0.902 28.866806502292505
0.903 28.97248451253438
0.904 29.09234151622629
0.905 29.2286247718757
0.906 29.384032599155283
0.907 29.384032599155283
0.908 29.56183207129564
0.909 29.766015859300403
0.91 29.766015859300403
0.911 29.97248451253438
0.912 30.001514355834004
0.913 30.2286247718757
0.914 30.2286247718757
0.915 30.384032599155283
0.916 30.56183207129564
0.917 30.56183207129564
0.918 30.766015859300403
0.919 30.96626569137458
0.92 31.001514355834004
0.921 31.2286247718757
0.922 31.274487272346263
0.923 31.56183207129564
0.924 31.592731808142823
0.925 31.766015859300403
0.926 31.96626569137458
0.927 32.001514355834004
0.928 32.27448727234626
0.929 32.40817927087452
0.93 32.59273180814282
0.931 32.935913625763696
0.932 32.96626569137458
0.933 33.27448727234626
0.934 33.27448727234626
0.935 33.40817927087452
0.936 33.59273180814282
0.937 33.935913625763696
0.938 33.96626569137458
0.939 34.40817927087452
0.94 34.40817927087452
0.941 34.935913625763696
0.942 34.935913625763696
0.943 35.353399327876296
0.944 35.40817927087452
0.945 35.573235819467115
0.946 35.935913625763696
0.947 36.353399327876296
0.948 36.353399327876296
0.949 36.573235819467115
0.95 36.935913625763696
0.951 37.324411477092326
0.952 37.573235819467115
0.953 37.935913625763696
0.954 38.324411477092326
0.955 38.353399327876296
0.956 38.935913625763696
0.957 39.324411477092326
0.958 39.353399327876296
0.959 40.324411477092326
0.96 40.324411477092326
0.961 40.935913625763696
0.962 41.324411477092326
0.963 41.324411477092326
0.964 42.324411477092326
0.965 42.324411477092326
0.966 43.1679903761354
0.967 43.324411477092326
0.968 44.1679903761354
0.969 44.558251562653666
0.97 45.1679903761354
0.971 45.558251562653666
0.972 46.1679903761354
0.973 47.1679903761354
0.974 48.1679903761354
0.975 48.558251562653666
0.976 49.1679903761354
0.977 50.1679903761354
0.978 51.1679903761354
0.979 52.1679903761354
0.98 53.1679903761354
0.981 54.34202949895318
0.982 55.34202949895318
0.983 57.34202949895318
0.984 58.34202949895318
0.985 60.34202949895318
0.986 62.34202949895318
0.987 64.07822041291072
0.988 66.07822041291072
0.989 69.07822041291072
0.99 72.07822041291072
0.991 75.07822041291072
0.992 79.07822041291072
0.993 84.90036900369006
0.994 89.90036900369006
0.995 97.90036900369006
0.996 108.90036900369006
0.997 123.63157894736844
0.998 148.63157894736844
0.999 207.0
