0.409 202.00994298136865
0.41 202.01371534636698
0.411 202.30396626648238
0.412 202.62244838852274
0.413 202.95246100436884
0.414 203.00994298136865
0.415 203.00994298136865
0.416 203.00994298136865
0.417 203.00994298136865
0.418 203.00994298136865
0.419 203.00994298136865
0.42 203.00994298136865
0.421 203.00994298136865
0.422 203.00994298136865
0.423 203.00994298136865
0.424 203.00994298136865
0.425 203.00994298136865
0.426 203.00994298136865
0.427 203.00994298136865
0.428 203.00994298136865
0.429 203.00994298136865
0.43 203.00994298136865
0.431 203.00994298136865
0.432 203.00994298136865
0.433 203.00994298136865
0.434 203.00994298136865
0.435 203.00994298136865
0.436 203.00994298136865
0.437 203.00994298136865
0.438 203.00994298136865
0.439 203.00994298136865
0.44 203.00994298136865
0.441 203.00994298136865
0.442 203.00994298136865
0.443 203.00994298136865
0.444 203.00994298136865
0.445 203.00994298136865
0.446 203.00994298136865
0.447 203.00994298136865
0.448 203.00994298136865
0.449 203.00994298136865
0.45 203.00994298136865
0.451 203.00994298136865
0.452 203.00994298136865
0.453 203.00994298136865
0.454 203.00994298136865
0.455 203.00994298136865
0.456 203.00994298136865
0.457 203.00994298136865
0.458 203.00994298136865
0.459 203.00994298136865
0.46 203.00994298136865
0.461 203.00994298136865
0.462 203.00994298136865
0.463 203.00994298136865
0.464 203.00994298136865
0.465 203.00994298136865
0.466 203.00994298136865
0.467 203.00994298136865
0.468 203.00994298136865
0.469 203.00994298136865
0.47 203.00994298136865
0.471 203.00994298136865
0.472 203.00994298136865
0.473 203.00994298136865
0.474 203.00994298136865
0.475 203.00994298136865
0.476 203.00994298136865
0.477 203.00994298136865
0.478 203.00994298136865
0.479 203.00994298136865
0.48 203.00994298136865
0.481 203.00994298136865
0.482 203.00994298136865
0.483 203.00994298136865
0.484 203.00994298136865
0.485 203.00994298136865
0.486 203.00994298136865
0.487 203.00994298136865
0.488 203.00994298136865
0.489 203.00994298136865
0.49 203.00994298136865
0.491 203.00994298136865
0.492 203.00994298136865
0.493 203.00994298136865
0.494 203.00994298136865
0.495 203.00994298136865
0.496 203.00994298136865
0.497 203.00994298136865
0.498 203.00994298136865
0.499 203.00994298136865
0.5 203.00994298136865
0.501 203.00994298136865
0.502 203.00994298136865
0.503 203.00994298136865
0.504 203.00994298136865
0.505 203.00994298136865
0.506 203.29491153948672
0.507 203.6161855502673
0.508 203.95246100436884
0.509 204.00994298136865
0.51 204.00994298136865
0.511 204.00994298136865
0.512 204.00994298136865
0.513 204.00994298136865
0.514 204.00994298136865
0.515 204.00994298136865
0.516 204.00994298136865
0.517 204.00994298136865
0.518 204.00994298136865
0.519 204.00994298136865
0.52 204.00994298136865
0.521 204.00994298136865
0.522 204.00994298136865
0.523 204.00994298136865
0.524 204.00994298136865
0.525 204.00994298136865
0.526 204.00994298136865
0.527 204.00994298136865
0.528 204.00994298136865
0.529 204.00994298136865
0.53 204.00994298136865
0.531 204.00994298136865
0.532 204.00994298136865
0.533 204.00994298136865
0.534 204.00994298136865
0.535 204.00994298136865
0.536 204.00994298136865
0.537 204.00994298136865
0.538 204.00994298136865
0.539 204.00994298136865
0.54 204.00994298136865
0.541 204.00994298136865
0.542 204.00994298136865
0.543 204.00994298136865
0.544 204.00994298136865
0.545 204.00994298136865
0.546 204.00994298136865
0.547 204.00994298136865
0.548 204.00994298136865
0.549 204.00994298136865
0.55 204.00994298136865
0.551 204.00994298136865
0.552 204.00994298136865
0.553 204.00994298136865
0.554 204.00994298136865
0.555 204.00994298136865
0.556 204.00994298136865
0.557 204.00994298136865
0.558 204.00994298136865
0.559 204.00994298136865
0.56 204.2720660722648
0.561 204.59777482251357
0.562 204.94284659186394
0.563 205.00994298136865
0.564 205.00994298136865
0.565 205.00994298136865
0.566 205.00994298136865
0.567 205.00994298136865
0.568 205.00994298136865
0.569 205.00994298136865
0.57 205.00994298136865
0.571 205.00994298136865
0.572 205.00994298136865
0.573 205.00994298136865
0.574 205.00994298136865
0.575 205.00994298136865
0.576 205.00994298136865
0.577 205.00994298136865
0.578 205.00994298136865
0.579 205.00994298136865
0.58 205.00994298136865
0.581 205.00994298136865
0.582 205.00994298136865
0.583 205.00994298136865
0.584 205.00994298136865
0.585 205.00994298136865
0.586 205.00994298136865
0.587 205.00994298136865
0.588 205.00994298136865
0.589 205.00994298136865
0.59 205.00994298136865
0.591 205.00994298136865
0.592 205.00994298136865
0.593 205.00994298136865
0.594 205.00994298136865
0.595 205.00994298136865
0.596 205.00994298136865
0.597 205.13176507274926
0.598 205.45049166520778
0.599 205.78559271018443
0.6 206.00994298136865
0.601 206.00994298136865
0.602 206.00994298136865
0.603 206.00994298136865
0.604 206.00994298136865
0.605 206.00994298136865
0.606 206.00994298136865
0.607 206.00994298136865
0.608 206.00994298136865
0.609 206.00994298136865
0.61 206.00994298136865
0.611 206.00994298136865
0.612 206.00994298136865
0.613 206.00994298136865
0.614 206.00994298136865
0.615 206.00994298136865
0.616 206.00994298136865
0.617 206.00994298136865
0.618 206.00994298136865
0.619 206.00994298136865
0.62 206.00994298136865
0.621 206.00994298136865
0.622 206.00994298136865
0.623 206.00994298136865
0.624 206.00994298136865
0.625 206.00994298136865
0.626 206.3101571550531
0.627 206.64814693452436
0.628 207.0020386193955
0.629 207.00994298136865
0.63 207.00994298136865
0.631 207.00994298136865
0.632 207.00994298136865
0.633 207.00994298136865
0.634 207.00994298136865
0.635 207.00994298136865
0.636 207.00994298136865
0.637 207.00994298136865
0.638 207.00994298136865
0.639 207.00994298136865
0.64 207.00994298136865
0.641 207.00994298136865
0.642 207.00994298136865
0.643 207.00994298136865
0.644 207.00994298136865
0.645 207.00994298136865
0.646 207.00994298136865
0.647 207.00994298136865
0.648 207.07061827136545
0.649 207.38720501646202
0.65 207.73183317092438
0.651 208.00994298136865
0.652 208.00994298136865
0.653 208.00994298136865
0.654 208.00994298136865
0.655 208.00994298136865
0.656 208.00994298136865
0.657 208.00994298136865
0.658 208.00994298136865
0.659 208.00994298136865
0.66 208.00994298136865
0.661 208.00994298136865
0.662 208.00994298136865
0.663 208.00994298136865
0.664 208.00994298136865
0.665 208.00994298136865
0.666 208.00994298136865
0.667 208.10143405632235
0.668 208.42401717786618
0.669 208.7776756894473
0.67 209.00994298136865
0.671 209.00994298136865
0.672 209.00994298136865
0.673 209.00994298136865
0.674 209.00994298136865
0.675 209.00994298136865
0.676 209.00994298136865
0.677 209.00994298136865
0.678 209.00994298136865
0.679 209.00994298136865
0.68 209.00994298136865
0.681 209.00994298136865
0.682 209.00994298136865
0.683 209.07576926499812
0.684 209.39910472442693
0.685 209.75440369354868
0.686 210.00994298136865
0.687 210.00994298136865
0.688 210.00994298136865
0.689 210.00994298136865
0.69 210.00994298136865
0.691 210.00994298136865
0.692 210.00994298136865
0.693 210.00994298136865
0.694 210.00994298136865
0.695 210.00994298136865
0.696 210.00994298136865
0.697 210.08989925261255
0.698 210.41975920757605
0.699 210.7776756894473
0.7 211.00994298136865
0.701 211.00994298136865
0.702 211.00994298136865
0.703 211.00994298136865
0.704 211.00994298136865
0.705 211.00994298136865
0.706 211.00994298136865
0.707 211.00994298136865
0.708 211.00994298136865
0.709 211.00994298136865
0.71 211.32619346444105
0.711 211.6817773809534
0.712 212.00994298136865
0.713 212.00994298136865
0.714 212.00994298136865
0.715 212.00994298136865
0.716 212.00994298136865
0.717 212.00994298136865
0.718 212.00994298136865
0.719 212.00994298136865
0.72 212.02199827361605
0.721 212.3465390266225
0.722 212.70279335842213
0.723 213.00994298136865
0.724 213.00994298136865
0.725 213.00994298136865
0.726 213.00994298136865
0.727 213.00994298136865
0.728 213.00994298136865
0.729 213.00994298136865
0.73 213.0685194009389
0.731 213.40315233780527
0.732 213.7698390640403
0.733 214.00994298136865
0.734 214.00994298136865
0.735 214.00994298136865
0.736 214.00994298136865
0.737 214.00994298136865
0.738 214.00994298136865
0.739 214.0917262458837
0.74 214.43266369327313
0.741 214.80167129662544
0.742 215.00994298136865
0.743 215.00994298136865
0.744 215.00994298136865
0.745 215.00994298136865
0.746 215.00994298136865
0.747 215.04358018456907
0.748 215.37947039699898
0.749 215.75440369354868
0.75 216.00994298136865
0.751 216.00994298136865
0.752 216.00994298136865
0.753 216.00994298136865
0.754 216.00994298136865
0.755 216.2114909616626
0.756 216.5683114105847
0.757 216.95246100436884
0.758 217.00994298136865
0.759 217.00994298136865
0.76 217.00994298136865
0.761 217.00994298136865
0.762 217.24108073052798
0.763 217.60384941324367
0.764 218.0020386193955
0.765 218.00994298136865
0.766 218.00994298136865
0.767 218.00994298136865
0.768 218.0994135119023
0.769 218.45506279334072
0.77 218.83483067110058
0.771 219.00994298136865
0.772 219.00994298136865
0.773 219.00994298136865
0.774 219.1077457151604
0.775 219.46434531505932
0.776 219.85192552045484
0.777 220.00994298136865
0.778 220.00994298136865
0.779 220.00994298136865
0.78 220.25099476926127
0.781 220.62877527933205
0.782 221.00994298136865
0.783 221.00994298136865
0.784 221.00994298136865
0.785 221.16776901901832
0.786 221.54030800518734
0.787 221.93333012723232
0.788 222.00994298136865
0.789 222.00994298136865
0.79 222.19512028248306
0.791 222.5683114105847
0.792 222.9719877917376
0.793 223.00994298136865
0.794 223.00994298136865
0.795 223.32619346444105
0.796 223.71716524660505
0.797 224.00994298136865
0.798 224.00994298136865
0.799 224.1836808992656
0.8 224.56259632348784
0.801 224.9719877917376
0.802 225.00994298136865
0.803 225.12656643172306
0.804 225.50341758620337
0.805 225.9145869889939
0.806 226.00994298136865
0.807 226.14571654543838
0.808 226.52417619896397
0.809 226.94284659186394
0.81 227.00994298136865
0.811 227.23627188883114
0.812 227.62877527933205
0.813 228.00994298136865
0.814 228.0312749818348
0.815 228.39910472442693
0.816 228.8098345643818
0.817 229.00994298136865
0.818 229.24108073052798
0.819 229.64162387852411
0.82 230.00994298136865
0.821 230.1442572779168
0.822 230.53487602535566
0.823 230.962174391644
0.824 231.10041869717153
0.825 231.48839255599256
0.826 231.9145869889939
0.827 232.10349571005239
0.828 232.49335015237045
0.829 232.92391059460076
0.83 233.1517029577699
0.831 233.55133893058058
0.832 233.98190225397775
0.833 234.24598768677006
0.834 234.65473673847004
0.835 235.00994298136865
0.836 235.38720501646202
0.837 235.8098345643818
0.838 236.16946652741575
0.839 236.5740848853372
0.84 237.00994298136865
0.841 237.38720501646202
0.842 237.81808163177772
0.843 238.23627188883114
0.844 238.65473673847004
0.845 239.10915658513056
0.846 239.53487602535566
0.847 239.98190225397775
0.848 240.44596665812944
0.849 240.89622359269993
0.85 241.37336876749526
0.851 241.83483067110058
0.852 242.30518153155617
0.853 242.80925716977157
0.854 243.27887625511
0.855 243.7908405889563
0.856 244.29196109186492
0.857 244.7908405889563
0.858 245.33203499898448
0.859 245.8466707980262
0.86 246.3867477825646
0.861 246.92387925055445
0.862 247.46160491214192
0.863 248.02503553122025
0.864 248.56517102595666
0.865 249.15361701629863
0.866 249.7250585243225
0.867 250.28792028727
0.868 250.90351649882857
0.869 251.49944023085556
0.87 252.09214112034738
0.871 252.7250585243225
0.872 253.35691940278343
0.873 253.96578040033063
0.874 254.59246569798552
0.875 255.26716511424652
0.876 255.94374087055158
0.877 256.5924656979855
0.878 257.26721598650477
0.879 257.94374087055155
0.88 258.6574008154744
0.881 259.37834047741126
0.882 260.04683579029467
0.883 260.79475919202025
0.884 261.51628561573716
0.885 262.25522007332654
0.886 263.0245956709856
0.887 263.801767117003
0.888 264.5753769901554
0.889 265.3524390312199
0.89 266.1726414580876
0.891 266.996999927056
0.892 267.82085721319845
0.893 268.6301731751205
0.894 269.503868658642
0.895 270.31780410509987
0.896 271.17731725804794
0.897 272.1241835454072
0.898 273.00070432454964
0.899 273.8787299121851
0.9 274.87675888797145
0.901 275.76492372611926
0.902 276.7315971284435
0.903 277.7315971284435
0.904 278.7315971284435
0.905 279.7315971284435
0.906 280.7315971284435
0.907 281.77107672125214
0.908 282.77107672125214
0.909 283.834588873098
0.91 284.9425742548741
0.911 286.0201577113153
0.912 287.18707084338274
0.913 288.35593959652954
0.914 289.45250089121794
0.915 290.67369548431776
0.916 291.89796461410657
0.917 293.0673243924124
0.918 294.31119548208693
0.919 295.5838770707213
0.92 296.9515165727712
0.921 298.2372217381353
0.922 299.5838770707213
0.923 300.9515165727712
0.924 302.36041544549926
0.925 303.7309330177326
0.926 305.2372217381353
0.927 306.67824064724505
0.928 308.34118459461774
0.929 309.67824064724505
0.93 311.34118459461774
0.931 312.96056526175744
0.932 314.5723591495156
0.933 316.1903129162956
0.934 317.96056526175744
0.935 319.7543318857638
0.936 321.4267046292521
0.937 323.30437188472183
0.938 325.1507434712672
0.939 327.1222513472286
0.94 329.1222513472286
0.941 331.1222513472286
0.942 333.1222513472286
0.943 335.1695757171565
0.944 337.3673488072451
0.945 339.64419366992536
0.946 341.94204138767964
0.947 344.27727156634916
0.948 346.62246052437354
0.949 349.3190310899292
0.95 352.001380961588
0.951 354.5814143307835
0.952 357.73675300856047
0.953 360.6078194432472
0.954 363.5631866738628
0.955 367.74891668903234
0.956 371.1532688929672
0.957 374.8113253428746
0.958 378.75068404362247
0.959 381.5486804985053
0.96 386.02980102203344
0.961 390.88832027115967
0.962 396.0362539819287
0.963 399.95655764326375
0.964 406.075696236645
0.965 410.4812345469314
0.966 417.6418978291444
0.967 422.8269113804482
0.968 430.30793444603495
0.969 437.49068309269177
0.97 444.15231678299665
0.971 454.16844558931456
0.972 462.29454894685676
0.973 472.1415012661207
0.974 481.8076282926923
0.975 492.40998329253085
0.976 504.08902892368366
0.977 517.0147975941628
0.978 531.3951052728286
0.979 547.4866642927586
0.98 565.6103634563202
0.981 585.1726601827463
0.982 608.6961407194711
0.983 634.864185066947
0.984 665.5879643664839
0.985 686.5296552758548
0.986 725.5630399741632
0.987 774.2701394103784
0.988 806.2798535773044
0.989 873.2092330718363
0.99 959.8804558515837
0.991 1017.4666496125067
0.992 1153.4589338419107
0.993 1247.8290117591225
0.994 1491.4094811287628
0.995 1898.8218608970412
0.996 2235.401995838796
0.997 3549.890003703582
0.998 5212.125628140696
0.999 10196.99999999999
