0 2 0.9
1 2 0.8766
2 2 0.8605
3 2 0.8491
4 2 0.8409
5 2 0.8351
6 2 0.8309
7 2 0.8279
8 2 0.8257
9 2 0.8242
10 2 0.8231
11 2 0.8224
12 2 0.8219
13 2 0.8215
14 2 0.8212
15 2 0.8211
16 2 0.8209
17 2 0.8209
18 2 0.8208
19 2 0.8208
20 2 0.8207
21 2 0.8207
22 2 0.8207

0 3 0.9415
1 3 0.9249
2 3 0.9129
3 3 0.9041
4 3 0.8977
5 3 0.893
6 3 0.8895
7 3 0.8871
8 3 0.8853
9 3 0.884
10 3 0.8831
11 3 0.8825
12 3 0.882
13 3 0.8817
14 3 0.8815
15 3 0.8814
16 3 0.8813
17 3 0.8812
18 3 0.8811
19 3 0.8811
20 3 0.8811
21 3 0.8811
22 3 0.8811

0 4 0.9585
1 4 0.9456
2 4 0.936
3 4 0.9288
4 4 0.9235
5 4 0.9196
6 4 0.9167
7 4 0.9146
8 4 0.913
9 4 0.9119
10 4 0.9111
11 4 0.9106
12 4 0.9102
13 4 0.9099
14 4 0.9097
15 4 0.9096
16 4 0.9095
17 4 0.9094
18 4 0.9094
19 4 0.9094
20 4 0.9093
21 4 0.9093
22 4 0.9093

0 5 0.9678
1 5 0.9573
2 5 0.9493
3 5 0.9432
4 5 0.9387
5 5 0.9352
6 5 0.9327
7 5 0.9309
8 5 0.9295
9 5 0.9285
10 5 0.9278
11 5 0.9274
12 5 0.927
13 5 0.9268
14 5 0.9266
15 5 0.9265
16 5 0.9264
17 5 0.9263
18 5 0.9263
19 5 0.9262
20 5 0.9262
21 5 0.9262
22 5 0.9262

0 6 0.9737
1 6 0.9648
2 6 0.9579
3 6 0.9527
4 6 0.9487
5 6 0.9457
6 6 0.9434
7 6 0.9418
8 6 0.9406
9 6 0.9397
10 6 0.9391
11 6 0.9386
12 6 0.9383
13 6 0.9381
14 6 0.9379
15 6 0.9378
16 6 0.9377
17 6 0.9377
18 6 0.9377
19 6 0.9376
20 6 0.9376
21 6 0.9376
22 6 0.9376

0 7 0.9778
1 7 0.9701
2 7 0.964
3 7 0.9594
4 7 0.9558
5 7 0.9532
6 7 0.9511
7 7 0.9497
8 7 0.9486
9 7 0.9478
10 7 0.9472
11 7 0.9468
12 7 0.9465
13 7 0.9463
14 7 0.9461
15 7 0.946
16 7 0.946
17 7 0.9459
18 7 0.9459
19 7 0.9459
20 7 0.9458
21 7 0.9458
22 7 0.9458

0 8 0.9807
1 8 0.9739
2 8 0.9686
3 8 0.9644
4 8 0.9612
5 8 0.9588
6 8 0.957
7 8 0.9556
8 8 0.9546
9 8 0.9539
10 8 0.9534
11 8 0.953
12 8 0.9527
13 8 0.9525
14 8 0.9524
15 8 0.9523
16 8 0.9522
17 8 0.9522
18 8 0.9521
19 8 0.9521
20 8 0.9521
21 8 0.9521
22 8 0.9521

0 9 0.983
1 9 0.9769
2 9 0.9721
3 9 0.9683
4 9 0.9654
5 9 0.9632
6 9 0.9615
7 9 0.9603
8 9 0.9594
9 9 0.9587
10 9 0.9582
11 9 0.9579
12 9 0.9576
13 9 0.9574
14 9 0.9573
15 9 0.9572
16 9 0.9571
17 9 0.9571
18 9 0.9571
19 9 0.9571
20 9 0.957
21 9 0.957
22 9 0.957

0 10 0.9848
1 10 0.9793
2 10 0.9749
3 10 0.9715
4 10 0.9688
5 10 0.9668
6 10 0.9652
7 10 0.9641
8 10 0.9632
9 10 0.9626
10 10 0.9621
11 10 0.9618
12 10 0.9616
13 10 0.9614
14 10 0.9613
15 10 0.9612
16 10 0.9611
17 10 0.9611
18 10 0.9611
19 10 0.961
20 10 0.961
21 10 0.961
22 10 0.961

0 11 0.9862
1 11 0.9812
2 11 0.9772
3 11 0.974
4 11 0.9716
5 11 0.9697
6 11 0.9682
7 11 0.9672
8 11 0.9664
9 11 0.9658
10 11 0.9654
11 11 0.965
12 11 0.9648
13 11 0.9647
14 11 0.9646
15 11 0.9645
16 11 0.9644
17 11 0.9644
18 11 0.9644
19 11 0.9643
20 11 0.9643
21 11 0.9643
22 11 0.9643

0 12 0.9874
1 12 0.9828
2 12 0.9791
3 12 0.9762
4 12 0.9739
5 12 0.9721
6 12 0.9708
7 12 0.9698
8 12 0.969
9 12 0.9685
10 12 0.9681
11 12 0.9678
12 12 0.9676
13 12 0.9674
14 12 0.9673
15 12 0.9673
16 12 0.9672
17 12 0.9672
18 12 0.9671
19 12 0.9671
20 12 0.9671
21 12 0.9671
22 12 0.9671

0 13 0.9885
1 13 0.9842
2 13 0.9807
3 13 0.978
4 13 0.9759
5 13 0.9742
6 13 0.9729
7 13 0.972
8 13 0.9713
9 13 0.9708
10 13 0.9704
11 13 0.9701
12 13 0.9699
13 13 0.9698
14 13 0.9697
15 13 0.9696
16 13 0.9696
17 13 0.9695
18 13 0.9695
19 13 0.9695
20 13 0.9695
21 13 0.9695
22 13 0.9695

0 14 0.9893
1 14 0.9853
2 14 0.9821
3 14 0.9795
4 14 0.9775
5 14 0.976
6 14 0.9748
7 14 0.9739
8 14 0.9732
9 14 0.9728
10 14 0.9724
11 14 0.9721
12 14 0.9719
13 14 0.9718
14 14 0.9717
15 14 0.9717
16 14 0.9716
17 14 0.9716
18 14 0.9716
19 14 0.9715
20 14 0.9715
21 14 0.9715
22 14 0.9715

0 15 0.99
1 15 0.9863
2 15 0.9833
3 15 0.9809
4 15 0.979
5 15 0.9775
6 15 0.9764
7 15 0.9756
8 15 0.9749
9 15 0.9745
10 15 0.9741
11 15 0.9739
12 15 0.9737
13 15 0.9736
14 15 0.9735
15 15 0.9734
16 15 0.9734
17 15 0.9734
18 15 0.9733
19 15 0.9733
20 15 0.9733
21 15 0.9733
22 15 0.9733

0 16 0.9907
1 16 0.9872
2 16 0.9843
3 16 0.9821
4 16 0.9803
5 16 0.9789
6 16 0.9778
7 16 0.977
8 16 0.9764
9 16 0.976
10 16 0.9757
11 16 0.9754
12 16 0.9753
13 16 0.9751
14 16 0.9751
15 16 0.975
16 16 0.975
17 16 0.9749
18 16 0.9749
19 16 0.9749
20 16 0.9749
21 16 0.9749
22 16 0.9749

0 17 0.9913
1 17 0.988
2 17 0.9853
3 17 0.9831
4 17 0.9814
5 17 0.9801
6 17 0.9791
7 17 0.9783
8 17 0.9778
9 17 0.9773
10 17 0.977
11 17 0.9768
12 17 0.9767
13 17 0.9765
14 17 0.9765
15 17 0.9764
16 17 0.9764
17 17 0.9763
18 17 0.9763
19 17 0.9763
20 17 0.9763
21 17 0.9763
22 17 0.9763

0 18 0.9918
1 18 0.9886
2 18 0.9861
3 18 0.9841
4 18 0.9824
5 18 0.9812
6 18 0.9802
7 18 0.9795
8 18 0.979
9 18 0.9785
10 18 0.9783
11 18 0.978
12 18 0.9779
13 18 0.9778
14 18 0.9777
15 18 0.9776
16 18 0.9776
17 18 0.9776
18 18 0.9776
19 18 0.9775
20 18 0.9775
21 18 0.9775
22 18 0.9775

0 19 0.9922
1 19 0.9892
2 19 0.9868
3 19 0.9849
4 19 0.9833
5 19 0.9822
6 19 0.9812
7 19 0.9805
8 19 0.98
9 19 0.9796
10 19 0.9793
11 19 0.9791
12 19 0.979
13 19 0.9789
14 19 0.9788
15 19 0.9788
16 19 0.9787
17 19 0.9787
18 19 0.9787
19 19 0.9787
20 19 0.9786
21 19 0.9786
22 19 0.9786

0 20 0.9926
1 20 0.9898
2 20 0.9875
3 20 0.9856
4 20 0.9842
5 20 0.983
6 20 0.9821
7 20 0.9815
8 20 0.981
9 20 0.9806
10 20 0.9803
11 20 0.9801
12 20 0.98
13 20 0.9799
14 20 0.9798
15 20 0.9798
16 20 0.9797
17 20 0.9797
18 20 0.9797
19 20 0.9797
20 20 0.9797
21 20 0.9797
22 20 0.9797

0 21 0.993
1 21 0.9903
2 21 0.9881
3 21 0.9863
4 21 0.9849
5 21 0.9838
6 21 0.983
7 21 0.9823
8 21 0.9818
9 21 0.9815
10 21 0.9812
11 21 0.981
12 21 0.9809
13 21 0.9808
14 21 0.9807
15 21 0.9807
16 21 0.9806
17 21 0.9806
18 21 0.9806
19 21 0.9806
20 21 0.9806
21 21 0.9806
22 21 0.9806

0 22 0.9933
1 22 0.9907
2 22 0.9886
3 22 0.9869
4 22 0.9856
5 22 0.9845
6 22 0.9837
7 22 0.9831
8 22 0.9826
9 22 0.9823
10 22 0.982
11 22 0.9819
12 22 0.9817
13 22 0.9816
14 22 0.9816
15 22 0.9815
16 22 0.9815
17 22 0.9815
18 22 0.9814
19 22 0.9814
20 22 0.9814
21 22 0.9814
22 22 0.9814

0 23 0.9936
1 23 0.9911
2 23 0.9891
3 23 0.9875
4 23 0.9862
5 23 0.9852
6 23 0.9844
7 23 0.9838
8 23 0.9834
9 23 0.983
10 23 0.9828
11 23 0.9826
12 23 0.9825
13 23 0.9824
14 23 0.9823
15 23 0.9823
16 23 0.9823
17 23 0.9822
18 23 0.9822
19 23 0.9822
20 23 0.9822
21 23 0.9822
22 23 0.9822

0 24 0.9939
1 24 0.9915
2 24 0.9896
3 24 0.988
4 24 0.9868
5 24 0.9858
6 24 0.985
7 24 0.9845
8 24 0.984
9 24 0.9837
10 24 0.9835
11 24 0.9833
12 24 0.9832
13 24 0.9831
14 24 0.983
15 24 0.983
16 24 0.983
17 24 0.9829
18 24 0.9829
19 24 0.9829
20 24 0.9829
21 24 0.9829
22 24 0.9829

0 25 0.9941
1 25 0.9918
2 25 0.99
3 25 0.9885
4 25 0.9873
5 25 0.9863
6 25 0.9856
7 25 0.9851
8 25 0.9847
9 25 0.9844
10 25 0.9841
11 25 0.984
12 25 0.9838
13 25 0.9838
14 25 0.9837
15 25 0.9836
16 25 0.9836
17 25 0.9836
18 25 0.9836
19 25 0.9836
20 25 0.9836
21 25 0.9836
22 25 0.9836

0 26 0.9943
1 26 0.9922
2 26 0.9904
3 26 0.9889
4 26 0.9878
5 26 0.9869
6 26 0.9862
7 26 0.9856
8 26 0.9852
9 26 0.9849
10 26 0.9847
11 26 0.9846
12 26 0.9844
13 26 0.9844
14 26 0.9843
15 26 0.9843
16 26 0.9842
17 26 0.9842
18 26 0.9842
19 26 0.9842
20 26 0.9842
21 26 0.9842
22 26 0.9842

0 27 0.9946
1 27 0.9925
2 27 0.9907
3 27 0.9893
4 27 0.9882
5 27 0.9873
6 27 0.9867
7 27 0.9861
8 27 0.9858
9 27 0.9855
10 27 0.9853
11 27 0.9851
12 27 0.985
13 27 0.9849
14 27 0.9849
15 27 0.9848
16 27 0.9848
17 27 0.9848
18 27 0.9847
19 27 0.9847
20 27 0.9847
21 27 0.9847
22 27 0.9847

0 28 0.9948
1 28 0.9927
2 28 0.9911
3 28 0.9897
4 28 0.9886
5 28 0.9878
6 28 0.9871
7 28 0.9866
8 28 0.9863
9 28 0.986
10 28 0.9858
11 28 0.9856
12 28 0.9855
13 28 0.9854
14 28 0.9854
15 28 0.9853
16 28 0.9853
17 28 0.9853
18 28 0.9853
19 28 0.9853
20 28 0.9853
21 28 0.9852
22 28 0.9852

0 29 0.9949
1 29 0.993
2 29 0.9914
3 29 0.9901
4 29 0.989
5 29 0.9882
6 29 0.9876
7 29 0.9871
8 29 0.9867
9 29 0.9864
10 29 0.9862
11 29 0.9861
12 29 0.986
13 29 0.9859
14 29 0.9859
15 29 0.9858
16 29 0.9858
17 29 0.9858
18 29 0.9858
19 29 0.9857
20 29 0.9857
21 29 0.9857
22 29 0.9857

0 30 0.9951
1 30 0.9932
2 30 0.9917
3 30 0.9904
4 30 0.9894
5 30 0.9886
6 30 0.988
7 30 0.9875
8 30 0.9871
9 30 0.9869
10 30 0.9867
11 30 0.9865
12 30 0.9864
13 30 0.9864
14 30 0.9863
15 30 0.9863
16 30 0.9862
17 30 0.9862
18 30 0.9862
19 30 0.9862
20 30 0.9862
21 30 0.9862
22 30 0.9862

0 31 0.9953
1 31 0.9934
2 31 0.9919
3 31 0.9907
4 31 0.9897
5 31 0.9889
6 31 0.9883
7 31 0.9879
8 31 0.9875
9 31 0.9873
10 31 0.9871
11 31 0.987
12 31 0.9869
13 31 0.9868
14 31 0.9867
15 31 0.9867
16 31 0.9867
17 31 0.9867
18 31 0.9866
19 31 0.9866
20 31 0.9866
21 31 0.9866
22 31 0.9866

0 32 0.9954
1 32 0.9936
2 32 0.9922
3 32 0.991
4 32 0.99
5 32 0.9893
6 32 0.9887
7 32 0.9883
8 32 0.9879
9 32 0.9877
10 32 0.9875
11 32 0.9874
12 32 0.9873
13 32 0.9872
14 32 0.9871
15 32 0.9871
16 32 0.9871
17 32 0.9871
18 32 0.987
19 32 0.987
20 32 0.987
21 32 0.987
22 32 0.987

0 33 0.9956
1 33 0.9938
2 33 0.9924
3 33 0.9913
4 33 0.9903
5 33 0.9896
6 33 0.989
7 33 0.9886
8 33 0.9883
9 33 0.988
10 33 0.9879
11 33 0.9877
12 33 0.9876
13 33 0.9876
14 33 0.9875
15 33 0.9875
16 33 0.9875
17 33 0.9874
18 33 0.9874
19 33 0.9874
20 33 0.9874
21 33 0.9874
22 33 0.9874

0 34 0.9957
1 34 0.994
2 34 0.9926
3 34 0.9915
4 34 0.9906
5 34 0.9899
6 34 0.9894
7 34 0.9889
8 34 0.9886
9 34 0.9884
10 34 0.9882
11 34 0.9881
12 34 0.988
13 34 0.9879
14 34 0.9879
15 34 0.9878
16 34 0.9878
17 34 0.9878
18 34 0.9878
19 34 0.9878
20 34 0.9878
21 34 0.9878
22 34 0.9878

0 35 0.9958
1 35 0.9942
2 35 0.9928
3 35 0.9918
4 35 0.9909
5 35 0.9902
6 35 0.9897
7 35 0.9892
8 35 0.9889
9 35 0.9887
10 35 0.9885
11 35 0.9884
12 35 0.9883
13 35 0.9883
14 35 0.9882
15 35 0.9882
16 35 0.9881
17 35 0.9881
18 35 0.9881
19 35 0.9881
20 35 0.9881
21 35 0.9881
22 35 0.9881

0 36 0.9959
1 36 0.9944
2 36 0.993
3 36 0.992
4 36 0.9911
5 36 0.9905
6 36 0.9899
7 36 0.9895
8 36 0.9892
9 36 0.989
10 36 0.9888
11 36 0.9887
12 36 0.9886
13 36 0.9886
14 36 0.9885
15 36 0.9885
16 36 0.9885
17 36 0.9885
18 36 0.9884
19 36 0.9884
20 36 0.9884
21 36 0.9884
22 36 0.9884

0 37 0.996
1 37 0.9945
2 37 0.9932
3 37 0.9922
4 37 0.9914
5 37 0.9907
6 37 0.9902
7 37 0.9898
8 37 0.9895
9 37 0.9893
10 37 0.9891
11 37 0.989
12 37 0.9889
13 37 0.9889
14 37 0.9888
15 37 0.9888
16 37 0.9888
17 37 0.9888
18 37 0.9887
19 37 0.9887
20 37 0.9887
21 37 0.9887
22 37 0.9887

0 38 0.9962
1 38 0.9947
2 38 0.9934
3 38 0.9924
4 38 0.9916
5 38 0.991
6 38 0.9905
7 38 0.9901
8 38 0.9898
9 38 0.9896
10 38 0.9894
11 38 0.9893
12 38 0.9892
13 38 0.9892
14 38 0.9891
15 38 0.9891
16 38 0.9891
17 38 0.989
18 38 0.989
19 38 0.989
20 38 0.989
21 38 0.989
22 38 0.989

0 39 0.9963
1 39 0.9948
2 39 0.9936
3 39 0.9926
4 39 0.9918
5 39 0.9912
6 39 0.9907
7 39 0.9903
8 39 0.99
9 39 0.9898
10 39 0.9897
11 39 0.9896
12 39 0.9895
13 39 0.9894
14 39 0.9894
15 39 0.9894
16 39 0.9893
17 39 0.9893
18 39 0.9893
19 39 0.9893
20 39 0.9893
21 39 0.9893
22 39 0.9893

0 40 0.9963
1 40 0.9949
2 40 0.9937
3 40 0.9928
4 40 0.992
5 40 0.9914
6 40 0.9909
7 40 0.9906
8 40 0.9903
9 40 0.9901
10 40 0.9899
11 40 0.9898
12 40 0.9897
13 40 0.9897
14 40 0.9896
15 40 0.9896
16 40 0.9896
17 40 0.9896
18 40 0.9896
19 40 0.9896
20 40 0.9895
21 40 0.9895
22 40 0.9895

0 41 0.9964
1 41 0.995
2 41 0.9939
3 41 0.993
4 41 0.9922
5 41 0.9916
6 41 0.9911
7 41 0.9908
8 41 0.9905
9 41 0.9903
10 41 0.9902
11 41 0.9901
12 41 0.99
13 41 0.9899
14 41 0.9899
15 41 0.9899
16 41 0.9898
17 41 0.9898
18 41 0.9898
19 41 0.9898
20 41 0.9898
21 41 0.9898
22 41 0.9898

0 42 0.9965
1 42 0.9952
2 42 0.994
3 42 0.9931
4 42 0.9924
5 42 0.9918
6 42 0.9913
7 42 0.991
8 42 0.9907
9 42 0.9905
10 42 0.9904
11 42 0.9903
12 42 0.9902
13 42 0.9902
14 42 0.9901
15 42 0.9901
16 42 0.9901
17 42 0.9901
18 42 0.99
19 42 0.99
20 42 0.99
21 42 0.99
22 42 0.99

0 43 0.9966
1 43 0.9953
2 43 0.9942
3 43 0.9933
4 43 0.9926
5 43 0.992
6 43 0.9915
7 43 0.9912
8 43 0.991
9 43 0.9908
10 43 0.9906
11 43 0.9905
12 43 0.9904
13 43 0.9904
14 43 0.9903
15 43 0.9903
16 43 0.9903
17 43 0.9903
18 43 0.9903
19 43 0.9903
20 43 0.9903
21 43 0.9903
22 43 0.9903

0 44 0.9967
1 44 0.9954
2 44 0.9943
3 44 0.9934
4 44 0.9927
5 44 0.9922
6 44 0.9917
7 44 0.9914
8 44 0.9912
9 44 0.991
10 44 0.9908
11 44 0.9907
12 44 0.9906
13 44 0.9906
14 44 0.9906
15 44 0.9905
16 44 0.9905
17 44 0.9905
18 44 0.9905
19 44 0.9905
20 44 0.9905
21 44 0.9905
22 44 0.9905

0 45 0.9968
1 45 0.9955
2 45 0.9944
3 45 0.9936
4 45 0.9929
5 45 0.9923
6 45 0.9919
7 45 0.9916
8 45 0.9913
9 45 0.9912
10 45 0.991
11 45 0.9909
12 45 0.9909
13 45 0.9908
14 45 0.9908
15 45 0.9907
16 45 0.9907
17 45 0.9907
18 45 0.9907
19 45 0.9907
20 45 0.9907
21 45 0.9907
22 45 0.9907

0 46 0.9968
1 46 0.9956
2 46 0.9946
3 46 0.9937
4 46 0.993
5 46 0.9925
6 46 0.9921
7 46 0.9918
8 46 0.9915
9 46 0.9913
10 46 0.9912
11 46 0.9911
12 46 0.991
13 46 0.991
14 46 0.991
15 46 0.9909
16 46 0.9909
17 46 0.9909
18 46 0.9909
19 46 0.9909
20 46 0.9909
21 46 0.9909
22 46 0.9909

0 47 0.9969
1 47 0.9957
2 47 0.9947
3 47 0.9938
4 47 0.9932
5 47 0.9927
6 47 0.9923
7 47 0.9919
8 47 0.9917
9 47 0.9915
10 47 0.9914
11 47 0.9913
12 47 0.9912
13 47 0.9912
14 47 0.9911
15 47 0.9911
16 47 0.9911
17 47 0.9911
18 47 0.9911
19 47 0.9911
20 47 0.9911
21 47 0.9911
22 47 0.9911

0 48 0.997
1 48 0.9958
2 48 0.9948
3 48 0.994
4 48 0.9933
5 48 0.9928
6 48 0.9924
7 48 0.9921
8 48 0.9919
9 48 0.9917
10 48 0.9916
11 48 0.9915
12 48 0.9914
13 48 0.9914
14 48 0.9913
15 48 0.9913
16 48 0.9913
17 48 0.9913
18 48 0.9913
19 48 0.9913
20 48 0.9912
21 48 0.9912
22 48 0.9912

0 49 0.997
1 49 0.9959
2 49 0.9949
3 49 0.9941
4 49 0.9935
5 49 0.993
6 49 0.9926
7 49 0.9923
8 49 0.992
9 49 0.9919
10 49 0.9917
11 49 0.9916
12 49 0.9916
13 49 0.9915
14 49 0.9915
15 49 0.9915
16 49 0.9915
17 49 0.9914
18 49 0.9914
19 49 0.9914
20 49 0.9914
21 49 0.9914
22 49 0.9914

0 50 0.9971
1 50 0.9959
2 50 0.995
3 50 0.9942
4 50 0.9936
5 50 0.9931
6 50 0.9927
7 50 0.9924
8 50 0.9922
9 50 0.992
10 50 0.9919
11 50 0.9918
12 50 0.9917
13 50 0.9917
14 50 0.9917
15 50 0.9916
16 50 0.9916
17 50 0.9916
18 50 0.9916
19 50 0.9916
20 50 0.9916
21 50 0.9916
22 50 0.9916

0 51 0.9971
1 51 0.996
2 51 0.9951
3 51 0.9943
4 51 0.9937
5 51 0.9932
6 51 0.9929
7 51 0.9926
8 51 0.9923
9 51 0.9922
10 51 0.9921
11 51 0.992
12 51 0.9919
13 51 0.9919
14 51 0.9918
15 51 0.9918
16 51 0.9918
17 51 0.9918
18 51 0.9918
19 51 0.9918
20 51 0.9917
21 51 0.9917
22 51 0.9917

0 52 0.9972
1 52 0.9961
2 52 0.9952
3 52 0.9944
4 52 0.9938
5 52 0.9934
6 52 0.993
7 52 0.9927
8 52 0.9925
9 52 0.9923
10 52 0.9922
11 52 0.9921
12 52 0.9921
13 52 0.992
14 52 0.992
15 52 0.992
16 52 0.9919
17 52 0.9919
18 52 0.9919
19 52 0.9919
20 52 0.9919
21 52 0.9919
22 52 0.9919

