0 2 0.9
1 2 0.8723
2 2 0.8507
3 2 0.8331
4 2 0.8184
5 2 0.8059
6 2 0.7951
7 2 0.7857
8 2 0.7774
9 2 0.7701
10 2 0.7636
11 2 0.7577
12 2 0.7525
13 2 0.7478
14 2 0.7435
15 2 0.7397
16 2 0.7362
17 2 0.733
18 2 0.7302
19 2 0.7275
20 2 0.7252
21 2 0.723
22 2 0.7211
23 2 0.7193
24 2 0.7176
25 2 0.7162
26 2 0.7148
27 2 0.7136
28 2 0.7125
29 2 0.7114
30 2 0.7105
31 2 0.7097
32 2 0.7089
33 2 0.7082
34 2 0.7075
35 2 0.707
36 2 0.7064
37 2 0.7059
38 2 0.7055
39 2 0.7051
40 2 0.7047
41 2 0.7044
42 2 0.7041
43 2 0.7038
44 2 0.7036
45 2 0.7033
46 2 0.7031
47 2 0.7029
48 2 0.7028
49 2 0.7026
50 2 0.7025
51 2 0.7023
52 2 0.7022
53 2 0.7021
54 2 0.702
55 2 0.7019
56 2 0.7019
57 2 0.7018
58 2 0.7017
59 2 0.7017
60 2 0.7016
61 2 0.7016
62 2 0.7015
63 2 0.7015
64 2 0.7014
65 2 0.7014
66 2 0.7014
67 2 0.7014
68 2 0.7013
69 2 0.7013
70 2 0.7013
71 2 0.7013
72 2 0.7013
73 2 0.7012
74 2 0.7012
75 2 0.7012
76 2 0.7012
77 2 0.7012
78 2 0.7012
79 2 0.7012
80 2 0.7012
81 2 0.7012
82 2 0.7012
83 2 0.7011
84 2 0.7011
85 2 0.7011
86 2 0.7011
87 2 0.7011

0 3 0.9415
1 3 0.9218
2 3 0.9057
3 3 0.8921
4 3 0.8804
5 3 0.8703
6 3 0.8614
7 3 0.8535
8 3 0.8465
9 3 0.8403
10 3 0.8347
11 3 0.8296
12 3 0.8251
13 3 0.821
14 3 0.8172
15 3 0.8138
16 3 0.8108
17 3 0.8079
18 3 0.8054
19 3 0.8031
20 3 0.8009
21 3 0.799
22 3 0.7972
23 3 0.7956
24 3 0.7942
25 3 0.7928
26 3 0.7916
27 3 0.7905
28 3 0.7895
29 3 0.7885
30 3 0.7877
31 3 0.7869
32 3 0.7862
33 3 0.7855
34 3 0.785
35 3 0.7844
36 3 0.7839
37 3 0.7835
38 3 0.7831
39 3 0.7827
40 3 0.7824
41 3 0.7821
42 3 0.7818
43 3 0.7815
44 3 0.7813
45 3 0.7811
46 3 0.7809
47 3 0.7807
48 3 0.7806
49 3 0.7804
50 3 0.7803
51 3 0.7802
52 3 0.7801
53 3 0.78
54 3 0.7799
55 3 0.7798
56 3 0.7797
57 3 0.7796
58 3 0.7796
59 3 0.7795
60 3 0.7795
61 3 0.7794
62 3 0.7794
63 3 0.7794
64 3 0.7793
65 3 0.7793
66 3 0.7793
67 3 0.7792
68 3 0.7792
69 3 0.7792
70 3 0.7792
71 3 0.7792
72 3 0.7791
73 3 0.7791
74 3 0.7791
75 3 0.7791
76 3 0.7791
77 3 0.7791
78 3 0.7791
79 3 0.7791
80 3 0.7791
81 3 0.7791
82 3 0.779
83 3 0.779
84 3 0.779
85 3 0.779
86 3 0.779
87 3 0.779

0 4 0.9585
1 4 0.9432
2 4 0.9303
3 4 0.9192
4 4 0.9095
5 4 0.9009
6 4 0.8933
7 4 0.8865
8 4 0.8804
9 4 0.875
10 4 0.87
11 4 0.8656
12 4 0.8615
13 4 0.8578
14 4 0.8545
15 4 0.8514
16 4 0.8486
17 4 0.8461
18 4 0.8438
19 4 0.8417
20 4 0.8397
21 4 0.838
22 4 0.8363
23 4 0.8349
24 4 0.8335
25 4 0.8323
26 4 0.8312
27 4 0.8301
28 4 0.8292
29 4 0.8283
30 4 0.8275
31 4 0.8268
32 4 0.8262
33 4 0.8256
34 4 0.825
35 4 0.8245
36 4 0.8241
37 4 0.8236
38 4 0.8233
39 4 0.8229
40 4 0.8226
41 4 0.8223
42 4 0.822
43 4 0.8218
44 4 0.8216
45 4 0.8214
46 4 0.8212
47 4 0.8211
48 4 0.8209
49 4 0.8208
50 4 0.8206
51 4 0.8205
52 4 0.8204
53 4 0.8203
54 4 0.8203
55 4 0.8202
56 4 0.8201
57 4 0.82
58 4 0.82
59 4 0.8199
60 4 0.8199
61 4 0.8198
62 4 0.8198
63 4 0.8198
64 4 0.8197
65 4 0.8197
66 4 0.8197
67 4 0.8197
68 4 0.8196
69 4 0.8196
70 4 0.8196
71 4 0.8196
72 4 0.8196
73 4 0.8196
74 4 0.8195
75 4 0.8195
76 4 0.8195
77 4 0.8195
78 4 0.8195
79 4 0.8195
80 4 0.8195
81 4 0.8195
82 4 0.8195
83 4 0.8195
84 4 0.8195
85 4 0.8195
86 4 0.8195
87 4 0.8195

0 5 0.9678
1 5 0.9553
2 5 0.9446
3 5 0.9351
4 5 0.9268
5 5 0.9193
6 5 0.9127
7 5 0.9067
8 5 0.9013
9 5 0.8964
10 5 0.892
11 5 0.888
12 5 0.8843
13 5 0.881
14 5 0.8779
15 5 0.8752
16 5 0.8726
17 5 0.8703
18 5 0.8682
19 5 0.8662
20 5 0.8644
21 5 0.8628
22 5 0.8613
23 5 0.8599
24 5 0.8587
25 5 0.8575
26 5 0.8565
27 5 0.8555
28 5 0.8546
29 5 0.8538
30 5 0.8531
31 5 0.8524
32 5 0.8518
33 5 0.8513
34 5 0.8507
35 5 0.8503
36 5 0.8498
37 5 0.8495
38 5 0.8491
39 5 0.8488
40 5 0.8485
41 5 0.8482
42 5 0.848
43 5 0.8477
44 5 0.8475
45 5 0.8473
46 5 0.8472
47 5 0.847
48 5 0.8469
49 5 0.8468
50 5 0.8466
51 5 0.8465
52 5 0.8464
53 5 0.8463
54 5 0.8463
55 5 0.8462
56 5 0.8461
57 5 0.8461
58 5 0.846
59 5 0.846
60 5 0.8459
61 5 0.8459
62 5 0.8458
63 5 0.8458
64 5 0.8458
65 5 0.8458
66 5 0.8457
67 5 0.8457
68 5 0.8457
69 5 0.8457
70 5 0.8456
71 5 0.8456
72 5 0.8456
73 5 0.8456
74 5 0.8456
75 5 0.8456
76 5 0.8456
77 5 0.8456
78 5 0.8456
79 5 0.8456
80 5 0.8455
81 5 0.8455
82 5 0.8455
83 5 0.8455
84 5 0.8455
85 5 0.8455
86 5 0.8455
87 5 0.8455

0 6 0.9737
1 6 0.9632
2 6 0.9539
3 6 0.9457
4 6 0.9384
5 6 0.9318
6 6 0.9259
7 6 0.9205
8 6 0.9157
9 6 0.9113
10 6 0.9073
11 6 0.9036
12 6 0.9002
13 6 0.8972
14 6 0.8944
15 6 0.8918
16 6 0.8895
17 6 0.8873
18 6 0.8853
19 6 0.8835
20 6 0.8819
21 6 0.8804
22 6 0.879
23 6 0.8777
24 6 0.8765
25 6 0.8754
26 6 0.8745
27 6 0.8736
28 6 0.8727
29 6 0.872
30 6 0.8713
31 6 0.8707
32 6 0.8701
33 6 0.8696
34 6 0.8691
35 6 0.8686
36 6 0.8682
37 6 0.8679
38 6 0.8675
39 6 0.8672
40 6 0.8669
41 6 0.8667
42 6 0.8664
43 6 0.8662
44 6 0.866
45 6 0.8659
46 6 0.8657
47 6 0.8656
48 6 0.8654
49 6 0.8653
50 6 0.8652
51 6 0.8651
52 6 0.865
53 6 0.8649
54 6 0.8648
55 6 0.8648
56 6 0.8647
57 6 0.8646
58 6 0.8646
59 6 0.8645
60 6 0.8645
61 6 0.8645
62 6 0.8644
63 6 0.8644
64 6 0.8644
65 6 0.8643
66 6 0.8643
67 6 0.8643
68 6 0.8643
69 6 0.8643
70 6 0.8642
71 6 0.8642
72 6 0.8642
73 6 0.8642
74 6 0.8642
75 6 0.8642
76 6 0.8642
77 6 0.8642
78 6 0.8642
79 6 0.8642
80 6 0.8641
81 6 0.8641
82 6 0.8641
83 6 0.8641
84 6 0.8641
85 6 0.8641
86 6 0.8641
87 6 0.8641

0 7 0.9778
1 7 0.9686
2 7 0.9605
3 7 0.9533
4 7 0.9467
5 7 0.9409
6 7 0.9355
7 7 0.9307
8 7 0.9263
9 7 0.9222
10 7 0.9185
11 7 0.9152
12 7 0.9121
13 7 0.9093
14 7 0.9067
15 7 0.9043
16 7 0.9021
17 7 0.9001
18 7 0.8983
19 7 0.8966
20 7 0.895
21 7 0.8936
22 7 0.8923
23 7 0.8911
24 7 0.89
25 7 0.889
26 7 0.8881
27 7 0.8872
28 7 0.8864
29 7 0.8857
30 7 0.8851
31 7 0.8845
32 7 0.8839
33 7 0.8834
34 7 0.883
35 7 0.8825
36 7 0.8822
37 7 0.8818
38 7 0.8815
39 7 0.8812
40 7 0.8809
41 7 0.8807
42 7 0.8805
43 7 0.8803
44 7 0.8801
45 7 0.8799
46 7 0.8798
47 7 0.8796
48 7 0.8795
49 7 0.8794
50 7 0.8793
51 7 0.8792
52 7 0.8791
53 7 0.879
54 7 0.8789
55 7 0.8789
56 7 0.8788
57 7 0.8787
58 7 0.8787
59 7 0.8787
60 7 0.8786
61 7 0.8786
62 7 0.8785
63 7 0.8785
64 7 0.8785
65 7 0.8785
66 7 0.8784
67 7 0.8784
68 7 0.8784
69 7 0.8784
70 7 0.8784
71 7 0.8783
72 7 0.8783
73 7 0.8783
74 7 0.8783
75 7 0.8783
76 7 0.8783
77 7 0.8783
78 7 0.8783
79 7 0.8783
80 7 0.8783
81 7 0.8783
82 7 0.8783
83 7 0.8783
84 7 0.8783
85 7 0.8782
86 7 0.8782
87 7 0.8782

0 8 0.9807
1 8 0.9727
2 8 0.9655
3 8 0.959
4 8 0.9531
5 8 0.9477
6 8 0.9429
7 8 0.9384
8 8 0.9344
9 8 0.9307
10 8 0.9273
11 8 0.9242
12 8 0.9213
13 8 0.9187
14 8 0.9162
15 8 0.914
16 8 0.912
17 8 0.9101
18 8 0.9084
19 8 0.9068
20 8 0.9053
21 8 0.904
22 8 0.9028
23 8 0.9016
24 8 0.9006
25 8 0.8996
26 8 0.8988
27 8 0.898
28 8 0.8972
29 8 0.8965
30 8 0.8959
31 8 0.8954
32 8 0.8948
33 8 0.8944
34 8 0.8939
35 8 0.8935
36 8 0.8932
37 8 0.8928
38 8 0.8925
39 8 0.8922
40 8 0.892
41 8 0.8918
42 8 0.8915
43 8 0.8914
44 8 0.8912
45 8 0.891
46 8 0.8909
47 8 0.8907
48 8 0.8906
49 8 0.8905
50 8 0.8904
51 8 0.8903
52 8 0.8902
53 8 0.8901
54 8 0.8901
55 8 0.89
56 8 0.89
57 8 0.8899
58 8 0.8899
59 8 0.8898
60 8 0.8898
61 8 0.8897
62 8 0.8897
63 8 0.8897
64 8 0.8897
65 8 0.8896
66 8 0.8896
67 8 0.8896
68 8 0.8896
69 8 0.8896
70 8 0.8895
71 8 0.8895
72 8 0.8895
73 8 0.8895
74 8 0.8895
75 8 0.8895
76 8 0.8895
77 8 0.8895
78 8 0.8895
79 8 0.8895
80 8 0.8894
81 8 0.8894
82 8 0.8894
83 8 0.8894
84 8 0.8894
85 8 0.8894
86 8 0.8894
87 8 0.8894

0 9 0.983
1 9 0.9758
2 9 0.9693
3 9 0.9634
4 9 0.9581
5 9 0.9532
6 9 0.9487
7 9 0.9446
8 9 0.9409
9 9 0.9374
10 9 0.9343
11 9 0.9314
12 9 0.9287
13 9 0.9262
14 9 0.924
15 9 0.9219
16 9 0.92
17 9 0.9182
18 9 0.9166
19 9 0.9151
20 9 0.9137
21 9 0.9124
22 9 0.9113
23 9 0.9102
24 9 0.9092
25 9 0.9083
26 9 0.9075
27 9 0.9067
28 9 0.906
29 9 0.9054
30 9 0.9048
31 9 0.9042
32 9 0.9037
33 9 0.9033
34 9 0.9029
35 9 0.9025
36 9 0.9021
37 9 0.9018
38 9 0.9015
39 9 0.9012
40 9 0.901
41 9 0.9008
42 9 0.9006
43 9 0.9004
44 9 0.9002
45 9 0.9001
46 9 0.8999
47 9 0.8998
48 9 0.8997
49 9 0.8996
50 9 0.8995
51 9 0.8994
52 9 0.8993
53 9 0.8992
54 9 0.8992
55 9 0.8991
56 9 0.8991
57 9 0.899
58 9 0.899
59 9 0.8989
60 9 0.8989
61 9 0.8988
62 9 0.8988
63 9 0.8988
64 9 0.8988
65 9 0.8987
66 9 0.8987
67 9 0.8987
68 9 0.8987
69 9 0.8987
70 9 0.8986
71 9 0.8986
72 9 0.8986
73 9 0.8986
74 9 0.8986
75 9 0.8986
76 9 0.8986
77 9 0.8986
78 9 0.8986
79 9 0.8986
80 9 0.8986
81 9 0.8986
82 9 0.8986
83 9 0.8985
84 9 0.8985
85 9 0.8985
86 9 0.8985
87 9 0.8985

0 10 0.9848
1 10 0.9783
2 10 0.9724
3 10 0.967
4 10 0.9621
5 10 0.9576
6 10 0.9534
7 10 0.9496
8 10 0.9461
9 10 0.9429
10 10 0.94
11 10 0.9373
12 10 0.9347
13 10 0.9324
14 10 0.9303
15 10 0.9283
16 10 0.9265
17 10 0.9249
18 10 0.9233
19 10 0.9219
20 10 0.9206
21 10 0.9194
22 10 0.9183
23 10 0.9173
24 10 0.9163
25 10 0.9155
26 10 0.9147
27 10 0.914
28 10 0.9133
29 10 0.9127
30 10 0.9121
31 10 0.9116
32 10 0.9111
33 10 0.9107
34 10 0.9103
35 10 0.9099
36 10 0.9096
37 10 0.9093
38 10 0.909
39 10 0.9087
40 10 0.9085
41 10 0.9083
42 10 0.9081
43 10 0.9079
44 10 0.9078
45 10 0.9076
46 10 0.9075
47 10 0.9074
48 10 0.9072
49 10 0.9071
50 10 0.907
51 10 0.907
52 10 0.9069
53 10 0.9068
54 10 0.9068
55 10 0.9067
56 10 0.9066
57 10 0.9066
58 10 0.9065
59 10 0.9065
60 10 0.9065
61 10 0.9064
62 10 0.9064
63 10 0.9064
64 10 0.9064
65 10 0.9063
66 10 0.9063
67 10 0.9063
68 10 0.9063
69 10 0.9063
70 10 0.9062
71 10 0.9062
72 10 0.9062
73 10 0.9062
74 10 0.9062
75 10 0.9062
76 10 0.9062
77 10 0.9062
78 10 0.9062
79 10 0.9062
80 10 0.9062
81 10 0.9062
82 10 0.9062
83 10 0.9061
84 10 0.9061
85 10 0.9061
86 10 0.9061
87 10 0.9061

0 11 0.9862
1 11 0.9803
2 11 0.9749
3 11 0.9699
4 11 0.9654
5 11 0.9612
6 11 0.9573
7 11 0.9538
8 11 0.9505
9 11 0.9475
10 11 0.9448
11 11 0.9422
12 11 0.9398
13 11 0.9377
14 11 0.9356
15 11 0.9338
16 11 0.9321
17 11 0.9305
18 11 0.929
19 11 0.9277
20 11 0.9264
21 11 0.9253
22 11 0.9242
23 11 0.9233
24 11 0.9224
25 11 0.9216
26 11 0.9208
27 11 0.9201
28 11 0.9195
29 11 0.9189
30 11 0.9183
31 11 0.9178
32 11 0.9174
33 11 0.917
34 11 0.9166
35 11 0.9162
36 11 0.9159
37 11 0.9156
38 11 0.9154
39 11 0.9151
40 11 0.9149
41 11 0.9147
42 11 0.9145
43 11 0.9143
44 11 0.9142
45 11 0.914
46 11 0.9139
47 11 0.9138
48 11 0.9137
49 11 0.9136
50 11 0.9135
51 11 0.9134
52 11 0.9133
53 11 0.9132
54 11 0.9132
55 11 0.9131
56 11 0.9131
57 11 0.913
58 11 0.913
59 11 0.913
60 11 0.9129
61 11 0.9129
62 11 0.9129
63 11 0.9128
64 11 0.9128
65 11 0.9128
66 11 0.9128
67 11 0.9127
68 11 0.9127
69 11 0.9127
70 11 0.9127
71 11 0.9127
72 11 0.9127
73 11 0.9127
74 11 0.9127
75 11 0.9126
76 11 0.9126
77 11 0.9126
78 11 0.9126
79 11 0.9126
80 11 0.9126
81 11 0.9126
82 11 0.9126
83 11 0.9126
84 11 0.9126
85 11 0.9126
86 11 0.9126
87 11 0.9126

0 12 0.9874
1 12 0.982
2 12 0.977
3 12 0.9724
4 12 0.9681
5 12 0.9642
6 12 0.9606
7 12 0.9573
8 12 0.9543
9 12 0.9514
10 12 0.9488
11 12 0.9464
12 12 0.9442
13 12 0.9421
14 12 0.9402
15 12 0.9384
16 12 0.9368
17 12 0.9353
18 12 0.9339
19 12 0.9326
20 12 0.9314
21 12 0.9304
22 12 0.9294
23 12 0.9284
24 12 0.9276
25 12 0.9268
26 12 0.9261
27 12 0.9254
28 12 0.9248
29 12 0.9242
30 12 0.9237
31 12 0.9232
32 12 0.9228
33 12 0.9224
34 12 0.922
35 12 0.9217
36 12 0.9214
37 12 0.9211
38 12 0.9208
39 12 0.9206
40 12 0.9204
41 12 0.9202
42 12 0.92
43 12 0.9198
44 12 0.9197
45 12 0.9195
46 12 0.9194
47 12 0.9193
48 12 0.9192
49 12 0.9191
50 12 0.919
51 12 0.9189
52 12 0.9189
53 12 0.9188
54 12 0.9187
55 12 0.9187
56 12 0.9186
57 12 0.9186
58 12 0.9185
59 12 0.9185
60 12 0.9185
61 12 0.9184
62 12 0.9184
63 12 0.9184
64 12 0.9184
65 12 0.9183
66 12 0.9183
67 12 0.9183
68 12 0.9183
69 12 0.9183
70 12 0.9183
71 12 0.9182
72 12 0.9182
73 12 0.9182
74 12 0.9182
75 12 0.9182
76 12 0.9182
77 12 0.9182
78 12 0.9182
79 12 0.9182
80 12 0.9182
81 12 0.9182
82 12 0.9182
83 12 0.9182
84 12 0.9182
85 12 0.9182
86 12 0.9182
87 12 0.9182

0 13 0.9885
1 13 0.9834
2 13 0.9787
3 13 0.9744
4 13 0.9705
5 13 0.9668
6 13 0.9635
7 13 0.9603
8 13 0.9575
9 13 0.9548
10 13 0.9523
11 13 0.95
12 13 0.9479
13 13 0.9459
14 13 0.9441
15 13 0.9425
16 13 0.9409
17 13 0.9395
18 13 0.9381
19 13 0.9369
20 13 0.9358
21 13 0.9347
22 13 0.9338
23 13 0.9329
24 13 0.9321
25 13 0.9313
26 13 0.9306
27 13 0.93
28 13 0.9294
29 13 0.9289
30 13 0.9284
31 13 0.9279
32 13 0.9275
33 13 0.9271
34 13 0.9267
35 13 0.9264
36 13 0.9261
37 13 0.9258
38 13 0.9256
39 13 0.9254
40 13 0.9252
41 13 0.925
42 13 0.9248
43 13 0.9246
44 13 0.9245
45 13 0.9243
46 13 0.9242
47 13 0.9241
48 13 0.924
49 13 0.9239
50 13 0.9238
51 13 0.9238
52 13 0.9237
53 13 0.9236
54 13 0.9236
55 13 0.9235
56 13 0.9235
57 13 0.9234
58 13 0.9234
59 13 0.9233
60 13 0.9233
61 13 0.9233
62 13 0.9233
63 13 0.9232
64 13 0.9232
65 13 0.9232
66 13 0.9232
67 13 0.9231
68 13 0.9231
69 13 0.9231
70 13 0.9231
71 13 0.9231
72 13 0.9231
73 13 0.9231
74 13 0.9231
75 13 0.9231
76 13 0.9231
77 13 0.923
78 13 0.923
79 13 0.923
80 13 0.923
81 13 0.923
82 13 0.923
83 13 0.923
84 13 0.923
85 13 0.923
86 13 0.923
87 13 0.923

0 14 0.9893
1 14 0.9846
2 14 0.9802
3 14 0.9762
4 14 0.9725
5 14 0.9691
6 14 0.9659
7 14 0.963
8 14 0.9602
9 14 0.9577
10 14 0.9553
11 14 0.9532
12 14 0.9512
13 14 0.9493
14 14 0.9476
15 14 0.946
16 14 0.9445
17 14 0.9431
18 14 0.9418
19 14 0.9407
20 14 0.9396
21 14 0.9386
22 14 0.9377
23 14 0.9368
24 14 0.936
25 14 0.9353
26 14 0.9346
27 14 0.934
28 14 0.9334
29 14 0.9329
30 14 0.9324
31 14 0.932
32 14 0.9316
33 14 0.9312
34 14 0.9309
35 14 0.9306
36 14 0.9303
37 14 0.93
38 14 0.9298
39 14 0.9296
40 14 0.9294
41 14 0.9292
42 14 0.929
43 14 0.9289
44 14 0.9287
45 14 0.9286
46 14 0.9285
47 14 0.9284
48 14 0.9283
49 14 0.9282
50 14 0.9281
51 14 0.928
52 14 0.9279
53 14 0.9279
54 14 0.9278
55 14 0.9278
56 14 0.9277
57 14 0.9277
58 14 0.9276
59 14 0.9276
60 14 0.9276
61 14 0.9275
62 14 0.9275
63 14 0.9275
64 14 0.9275
65 14 0.9275
66 14 0.9274
67 14 0.9274
68 14 0.9274
69 14 0.9274
70 14 0.9274
71 14 0.9274
72 14 0.9274
73 14 0.9273
74 14 0.9273
75 14 0.9273
76 14 0.9273
77 14 0.9273
78 14 0.9273
79 14 0.9273
80 14 0.9273
81 14 0.9273
82 14 0.9273
83 14 0.9273
84 14 0.9273
85 14 0.9273
86 14 0.9273
87 14 0.9273

0 15 0.99
1 15 0.9856
2 15 0.9816
3 15 0.9778
4 15 0.9743
5 15 0.971
6 15 0.968
7 15 0.9652
8 15 0.9626
9 15 0.9602
10 15 0.958
11 15 0.9559
12 15 0.954
13 15 0.9522
14 15 0.9506
15 15 0.9491
16 15 0.9476
17 15 0.9463
18 15 0.9451
19 15 0.944
20 15 0.943
21 15 0.942
22 15 0.9411
23 15 0.9403
24 15 0.9395
25 15 0.9388
26 15 0.9382
27 15 0.9376
28 15 0.937
29 15 0.9365
30 15 0.9361
31 15 0.9357
32 15 0.9353
33 15 0.9349
34 15 0.9346
35 15 0.9343
36 15 0.934
37 15 0.9337
38 15 0.9335
39 15 0.9333
40 15 0.9331
41 15 0.9329
42 15 0.9328
43 15 0.9326
44 15 0.9325
45 15 0.9323
46 15 0.9322
47 15 0.9321
48 15 0.932
49 15 0.9319
50 15 0.9319
51 15 0.9318
52 15 0.9317
53 15 0.9317
54 15 0.9316
55 15 0.9316
56 15 0.9315
57 15 0.9315
58 15 0.9314
59 15 0.9314
60 15 0.9314
61 15 0.9313
62 15 0.9313
63 15 0.9313
64 15 0.9313
65 15 0.9312
66 15 0.9312
67 15 0.9312
68 15 0.9312
69 15 0.9312
70 15 0.9312
71 15 0.9312
72 15 0.9312
73 15 0.9311
74 15 0.9311
75 15 0.9311
76 15 0.9311
77 15 0.9311
78 15 0.9311
79 15 0.9311
80 15 0.9311
81 15 0.9311
82 15 0.9311
83 15 0.9311
84 15 0.9311
85 15 0.9311
86 15 0.9311
87 15 0.9311

0 16 0.9907
1 16 0.9865
2 16 0.9827
3 16 0.9791
4 16 0.9758
5 16 0.9728
6 16 0.9699
7 16 0.9673
8 16 0.9648
9 16 0.9625
10 16 0.9604
11 16 0.9584
12 16 0.9566
13 16 0.9549
14 16 0.9533
15 16 0.9518
16 16 0.9505
17 16 0.9492
18 16 0.948
19 16 0.9469
20 16 0.9459
21 16 0.945
22 16 0.9442
23 16 0.9434
24 16 0.9426
25 16 0.942
26 16 0.9414
27 16 0.9408
28 16 0.9403
29 16 0.9398
30 16 0.9393
31 16 0.9389
32 16 0.9385
33 16 0.9382
34 16 0.9379
35 16 0.9376
36 16 0.9373
37 16 0.9371
38 16 0.9368
39 16 0.9366
40 16 0.9364
41 16 0.9363
42 16 0.9361
43 16 0.936
44 16 0.9358
45 16 0.9357
46 16 0.9356
47 16 0.9355
48 16 0.9354
49 16 0.9353
50 16 0.9352
51 16 0.9352
52 16 0.9351
53 16 0.935
54 16 0.935
55 16 0.9349
56 16 0.9349
57 16 0.9349
58 16 0.9348
59 16 0.9348
60 16 0.9348
61 16 0.9347
62 16 0.9347
63 16 0.9347
64 16 0.9347
65 16 0.9346
66 16 0.9346
67 16 0.9346
68 16 0.9346
69 16 0.9346
70 16 0.9346
71 16 0.9346
72 16 0.9345
73 16 0.9345
74 16 0.9345
75 16 0.9345
76 16 0.9345
77 16 0.9345
78 16 0.9345
79 16 0.9345
80 16 0.9345
81 16 0.9345
82 16 0.9345
83 16 0.9345
84 16 0.9345
85 16 0.9345
86 16 0.9345
87 16 0.9345

0 17 0.9913
1 17 0.9873
2 17 0.9837
3 17 0.9803
4 17 0.9772
5 17 0.9743
6 17 0.9716
7 17 0.9691
8 17 0.9667
9 17 0.9645
10 17 0.9625
11 17 0.9606
12 17 0.9588
13 17 0.9572
14 17 0.9557
15 17 0.9543
16 17 0.953
17 17 0.9518
18 17 0.9506
19 17 0.9496
20 17 0.9486
21 17 0.9477
22 17 0.9469
23 17 0.9462
24 17 0.9455
25 17 0.9448
26 17 0.9442
27 17 0.9437
28 17 0.9431
29 17 0.9427
30 17 0.9422
31 17 0.9418
32 17 0.9415
33 17 0.9411
34 17 0.9408
35 17 0.9405
36 17 0.9403
37 17 0.94
38 17 0.9398
39 17 0.9396
40 17 0.9394
41 17 0.9393
42 17 0.9391
43 17 0.939
44 17 0.9389
45 17 0.9387
46 17 0.9386
47 17 0.9385
48 17 0.9384
49 17 0.9384
50 17 0.9383
51 17 0.9382
52 17 0.9381
53 17 0.9381
54 17 0.938
55 17 0.938
56 17 0.9379
57 17 0.9379
58 17 0.9379
59 17 0.9378
60 17 0.9378
61 17 0.9378
62 17 0.9378
63 17 0.9377
64 17 0.9377
65 17 0.9377
66 17 0.9377
67 17 0.9377
68 17 0.9377
69 17 0.9376
70 17 0.9376
71 17 0.9376
72 17 0.9376
73 17 0.9376
74 17 0.9376
75 17 0.9376
76 17 0.9376
77 17 0.9376
78 17 0.9376
79 17 0.9376
80 17 0.9376
81 17 0.9376
82 17 0.9376
83 17 0.9375
84 17 0.9375
85 17 0.9375
86 17 0.9375
87 17 0.9375

0 18 0.9918
1 18 0.9881
2 18 0.9846
3 18 0.9814
4 18 0.9784
5 18 0.9757
6 18 0.9731
7 18 0.9707
8 18 0.9684
9 18 0.9663
10 18 0.9644
11 18 0.9626
12 18 0.9609
13 18 0.9593
14 18 0.9579
15 18 0.9565
16 18 0.9552
17 18 0.9541
18 18 0.953
19 18 0.952
20 18 0.9511
21 18 0.9502
22 18 0.9494
23 18 0.9487
24 18 0.948
25 18 0.9474
26 18 0.9468
27 18 0.9462
28 18 0.9458
29 18 0.9453
30 18 0.9449
31 18 0.9445
32 18 0.9441
33 18 0.9438
34 18 0.9435
35 18 0.9432
36 18 0.943
37 18 0.9428
38 18 0.9425
39 18 0.9423
40 18 0.9422
41 18 0.942
42 18 0.9419
43 18 0.9417
44 18 0.9416
45 18 0.9415
46 18 0.9414
47 18 0.9413
48 18 0.9412
49 18 0.9411
50 18 0.941
51 18 0.941
52 18 0.9409
53 18 0.9409
54 18 0.9408
55 18 0.9408
56 18 0.9407
57 18 0.9407
58 18 0.9406
59 18 0.9406
60 18 0.9406
61 18 0.9406
62 18 0.9405
63 18 0.9405
64 18 0.9405
65 18 0.9405
66 18 0.9405
67 18 0.9404
68 18 0.9404
69 18 0.9404
70 18 0.9404
71 18 0.9404
72 18 0.9404
73 18 0.9404
74 18 0.9404
75 18 0.9404
76 18 0.9404
77 18 0.9403
78 18 0.9403
79 18 0.9403
80 18 0.9403
81 18 0.9403
82 18 0.9403
83 18 0.9403
84 18 0.9403
85 18 0.9403
86 18 0.9403
87 18 0.9403

0 19 0.9922
1 19 0.9887
2 19 0.9854
3 19 0.9824
4 19 0.9795
5 19 0.9769
6 19 0.9744
7 19 0.9721
8 19 0.97
9 19 0.968
10 19 0.9661
11 19 0.9643
12 19 0.9627
13 19 0.9612
14 19 0.9598
15 19 0.9585
16 19 0.9573
17 19 0.9562
18 19 0.9551
19 19 0.9542
20 19 0.9533
21 19 0.9524
22 19 0.9517
23 19 0.951
24 19 0.9503
25 19 0.9497
26 19 0.9491
27 19 0.9486
28 19 0.9481
29 19 0.9477
30 19 0.9473
31 19 0.9469
32 19 0.9466
33 19 0.9462
34 19 0.946
35 19 0.9457
36 19 0.9454
37 19 0.9452
38 19 0.945
39 19 0.9448
40 19 0.9446
41 19 0.9445
42 19 0.9443
43 19 0.9442
44 19 0.9441
45 19 0.944
46 19 0.9439
47 19 0.9438
48 19 0.9437
49 19 0.9436
50 19 0.9435
51 19 0.9435
52 19 0.9434
53 19 0.9434
54 19 0.9433
55 19 0.9433
56 19 0.9432
57 19 0.9432
58 19 0.9432
59 19 0.9431
60 19 0.9431
61 19 0.9431
62 19 0.9431
63 19 0.943
64 19 0.943
65 19 0.943
66 19 0.943
67 19 0.943
68 19 0.943
69 19 0.9429
70 19 0.9429
71 19 0.9429
72 19 0.9429
73 19 0.9429
74 19 0.9429
75 19 0.9429
76 19 0.9429
77 19 0.9429
78 19 0.9429
79 19 0.9429
80 19 0.9429
81 19 0.9429
82 19 0.9429
83 19 0.9429
84 19 0.9428
85 19 0.9428
86 19 0.9428
87 19 0.9428

0 20 0.9926
1 20 0.9893
2 20 0.9862
3 20 0.9832
4 20 0.9805
5 20 0.978
6 20 0.9756
7 20 0.9734
8 20 0.9714
9 20 0.9694
10 20 0.9676
11 20 0.966
12 20 0.9644
13 20 0.9629
14 20 0.9616
15 20 0.9603
16 20 0.9592
17 20 0.9581
18 20 0.9571
19 20 0.9561
20 20 0.9553
21 20 0.9545
22 20 0.9537
23 20 0.953
24 20 0.9524
25 20 0.9518
26 20 0.9513
27 20 0.9508
28 20 0.9503
29 20 0.9499
30 20 0.9495
31 20 0.9491
32 20 0.9488
33 20 0.9485
34 20 0.9482
35 20 0.9479
36 20 0.9477
37 20 0.9475
38 20 0.9473
39 20 0.9471
40 20 0.9469
41 20 0.9468
42 20 0.9466
43 20 0.9465
44 20 0.9464
45 20 0.9463
46 20 0.9462
47 20 0.9461
48 20 0.946
49 20 0.9459
50 20 0.9458
51 20 0.9458
52 20 0.9457
53 20 0.9457
54 20 0.9456
55 20 0.9456
56 20 0.9455
57 20 0.9455
58 20 0.9455
59 20 0.9454
60 20 0.9454
61 20 0.9454
62 20 0.9454
63 20 0.9453
64 20 0.9453
65 20 0.9453
66 20 0.9453
67 20 0.9453
68 20 0.9453
69 20 0.9452
70 20 0.9452
71 20 0.9452
72 20 0.9452
73 20 0.9452
74 20 0.9452
75 20 0.9452
76 20 0.9452
77 20 0.9452
78 20 0.9452
79 20 0.9452
80 20 0.9452
81 20 0.9452
82 20 0.9452
83 20 0.9452
84 20 0.9452
85 20 0.9452
86 20 0.9452
87 20 0.9452

0 21 0.993
1 21 0.9898
2 21 0.9868
3 21 0.984
4 21 0.9814
5 21 0.979
6 21 0.9767
7 21 0.9746
8 21 0.9726
9 21 0.9708
10 21 0.969
11 21 0.9674
12 21 0.9659
13 21 0.9645
14 21 0.9632
15 21 0.962
16 21 0.9609
17 21 0.9598
18 21 0.9589
19 21 0.958
20 21 0.9571
21 21 0.9563
22 21 0.9556
23 21 0.9549
24 21 0.9543
25 21 0.9538
26 21 0.9532
27 21 0.9527
28 21 0.9523
29 21 0.9519
30 21 0.9515
31 21 0.9511
32 21 0.9508
33 21 0.9505
34 21 0.9502
35 21 0.95
36 21 0.9498
37 21 0.9495
38 21 0.9493
39 21 0.9492
40 21 0.949
41 21 0.9488
42 21 0.9487
43 21 0.9486
44 21 0.9485
45 21 0.9484
46 21 0.9483
47 21 0.9482
48 21 0.9481
49 21 0.948
50 21 0.948
51 21 0.9479
52 21 0.9478
53 21 0.9478
54 21 0.9477
55 21 0.9477
56 21 0.9477
57 21 0.9476
58 21 0.9476
59 21 0.9476
60 21 0.9475
61 21 0.9475
62 21 0.9475
63 21 0.9475
64 21 0.9474
65 21 0.9474
66 21 0.9474
67 21 0.9474
68 21 0.9474
69 21 0.9474
70 21 0.9474
71 21 0.9474
72 21 0.9473
73 21 0.9473
74 21 0.9473
75 21 0.9473
76 21 0.9473
77 21 0.9473
78 21 0.9473
79 21 0.9473
80 21 0.9473
81 21 0.9473
82 21 0.9473
83 21 0.9473
84 21 0.9473
85 21 0.9473
86 21 0.9473
87 21 0.9473

0 22 0.9933
1 22 0.9903
2 22 0.9874
3 22 0.9847
4 22 0.9823
5 22 0.9799
6 22 0.9777
7 22 0.9757
8 22 0.9738
9 22 0.972
10 22 0.9703
11 22 0.9688
12 22 0.9673
13 22 0.966
14 22 0.9647
15 22 0.9635
16 22 0.9625
17 22 0.9614
18 22 0.9605
19 22 0.9596
20 22 0.9588
21 22 0.9581
22 22 0.9574
23 22 0.9567
24 22 0.9561
25 22 0.9555
26 22 0.955
27 22 0.9546
28 22 0.9541
29 22 0.9537
30 22 0.9533
31 22 0.953
32 22 0.9527
33 22 0.9524
34 22 0.9521
35 22 0.9519
36 22 0.9517
37 22 0.9514
38 22 0.9513
39 22 0.9511
40 22 0.9509
41 22 0.9508
42 22 0.9506
43 22 0.9505
44 22 0.9504
45 22 0.9503
46 22 0.9502
47 22 0.9501
48 22 0.95
49 22 0.95
50 22 0.9499
51 22 0.9498
52 22 0.9498
53 22 0.9497
54 22 0.9497
55 22 0.9496
56 22 0.9496
57 22 0.9496
58 22 0.9495
59 22 0.9495
60 22 0.9495
61 22 0.9495
62 22 0.9494
63 22 0.9494
64 22 0.9494
65 22 0.9494
66 22 0.9494
67 22 0.9494
68 22 0.9493
69 22 0.9493
70 22 0.9493
71 22 0.9493
72 22 0.9493
73 22 0.9493
74 22 0.9493
75 22 0.9493
76 22 0.9493
77 22 0.9493
78 22 0.9493
79 22 0.9493
80 22 0.9493
81 22 0.9493
82 22 0.9493
83 22 0.9493
84 22 0.9492
85 22 0.9492
86 22 0.9492
87 22 0.9492

0 23 0.9936
1 23 0.9907
2 23 0.988
3 23 0.9854
4 23 0.983
5 23 0.9808
6 23 0.9787
7 23 0.9767
8 23 0.9749
9 23 0.9731
10 23 0.9715
11 23 0.97
12 23 0.9686
13 23 0.9673
14 23 0.9661
15 23 0.965
16 23 0.9639
17 23 0.9629
18 23 0.962
19 23 0.9612
20 23 0.9604
21 23 0.9596
22 23 0.959
23 23 0.9583
24 23 0.9577
25 23 0.9572
26 23 0.9567
27 23 0.9562
28 23 0.9558
29 23 0.9554
30 23 0.9551
31 23 0.9547
32 23 0.9544
33 23 0.9541
34 23 0.9539
35 23 0.9536
36 23 0.9534
37 23 0.9532
38 23 0.953
39 23 0.9529
40 23 0.9527
41 23 0.9526
42 23 0.9524
43 23 0.9523
44 23 0.9522
45 23 0.9521
46 23 0.952
47 23 0.9519
48 23 0.9518
49 23 0.9518
50 23 0.9517
51 23 0.9516
52 23 0.9516
53 23 0.9515
54 23 0.9515
55 23 0.9515
56 23 0.9514
57 23 0.9514
58 23 0.9513
59 23 0.9513
60 23 0.9513
61 23 0.9513
62 23 0.9512
63 23 0.9512
64 23 0.9512
65 23 0.9512
66 23 0.9512
67 23 0.9512
68 23 0.9512
69 23 0.9511
70 23 0.9511
71 23 0.9511
72 23 0.9511
73 23 0.9511
74 23 0.9511
75 23 0.9511
76 23 0.9511
77 23 0.9511
78 23 0.9511
79 23 0.9511
80 23 0.9511
81 23 0.9511
82 23 0.9511
83 23 0.9511
84 23 0.9511
85 23 0.9511
86 23 0.9511
87 23 0.9511

0 24 0.9939
1 24 0.9911
2 24 0.9885
3 24 0.986
4 24 0.9837
5 24 0.9815
6 24 0.9795
7 24 0.9776
8 24 0.9758
9 24 0.9742
10 24 0.9726
11 24 0.9712
12 24 0.9698
13 24 0.9686
14 24 0.9674
15 24 0.9663
16 24 0.9652
17 24 0.9643
18 24 0.9634
19 24 0.9626
20 24 0.9618
21 24 0.9611
22 24 0.9604
23 24 0.9598
24 24 0.9593
25 24 0.9587
26 24 0.9582
27 24 0.9578
28 24 0.9574
29 24 0.957
30 24 0.9566
31 24 0.9563
32 24 0.956
33 24 0.9557
34 24 0.9555
35 24 0.9553
36 24 0.955
37 24 0.9548
38 24 0.9547
39 24 0.9545
40 24 0.9543
41 24 0.9542
42 24 0.9541
43 24 0.954
44 24 0.9539
45 24 0.9538
46 24 0.9537
47 24 0.9536
48 24 0.9535
49 24 0.9534
50 24 0.9534
51 24 0.9533
52 24 0.9533
53 24 0.9532
54 24 0.9532
55 24 0.9531
56 24 0.9531
57 24 0.9531
58 24 0.953
59 24 0.953
60 24 0.953
61 24 0.953
62 24 0.9529
63 24 0.9529
64 24 0.9529
65 24 0.9529
66 24 0.9529
67 24 0.9529
68 24 0.9528
69 24 0.9528
70 24 0.9528
71 24 0.9528
72 24 0.9528
73 24 0.9528
74 24 0.9528
75 24 0.9528
76 24 0.9528
77 24 0.9528
78 24 0.9528
79 24 0.9528
80 24 0.9528
81 24 0.9528
82 24 0.9528
83 24 0.9528
84 24 0.9527
85 24 0.9527
86 24 0.9527
87 24 0.9527

0 25 0.9941
1 25 0.9914
2 25 0.9889
3 25 0.9865
4 25 0.9843
5 25 0.9822
6 25 0.9803
7 25 0.9785
8 25 0.9767
9 25 0.9751
10 25 0.9736
11 25 0.9722
12 25 0.9709
13 25 0.9697
14 25 0.9685
15 25 0.9675
16 25 0.9665
17 25 0.9656
18 25 0.9647
19 25 0.9639
20 25 0.9632
21 25 0.9625
22 25 0.9618
23 25 0.9612
24 25 0.9607
25 25 0.9602
26 25 0.9597
27 25 0.9592
28 25 0.9588
29 25 0.9585
30 25 0.9581
31 25 0.9578
32 25 0.9575
33 25 0.9572
34 25 0.957
35 25 0.9568
36 25 0.9566
37 25 0.9564
38 25 0.9562
39 25 0.956
40 25 0.9559
41 25 0.9557
42 25 0.9556
43 25 0.9555
44 25 0.9554
45 25 0.9553
46 25 0.9552
47 25 0.9551
48 25 0.9551
49 25 0.955
50 25 0.9549
51 25 0.9549
52 25 0.9548
53 25 0.9548
54 25 0.9547
55 25 0.9547
56 25 0.9547
57 25 0.9546
58 25 0.9546
59 25 0.9546
60 25 0.9545
61 25 0.9545
62 25 0.9545
63 25 0.9545
64 25 0.9545
65 25 0.9544
66 25 0.9544
67 25 0.9544
68 25 0.9544
69 25 0.9544
70 25 0.9544
71 25 0.9544
72 25 0.9544
73 25 0.9544
74 25 0.9544
75 25 0.9544
76 25 0.9543
77 25 0.9543
78 25 0.9543
79 25 0.9543
80 25 0.9543
81 25 0.9543
82 25 0.9543
83 25 0.9543
84 25 0.9543
85 25 0.9543
86 25 0.9543
87 25 0.9543

0 26 0.9943
1 26 0.9918
2 26 0.9893
3 26 0.9871
4 26 0.9849
5 26 0.9829
6 26 0.981
7 26 0.9793
8 26 0.9776
9 26 0.976
10 26 0.9746
11 26 0.9732
12 26 0.9719
13 26 0.9708
14 26 0.9696
15 26 0.9686
16 26 0.9676
17 26 0.9667
18 26 0.9659
19 26 0.9651
20 26 0.9644
21 26 0.9637
22 26 0.9631
23 26 0.9625
24 26 0.962
25 26 0.9615
26 26 0.961
27 26 0.9606
28 26 0.9602
29 26 0.9598
30 26 0.9595
31 26 0.9592
32 26 0.9589
33 26 0.9586
34 26 0.9584
35 26 0.9582
36 26 0.958
37 26 0.9578
38 26 0.9576
39 26 0.9575
40 26 0.9573
41 26 0.9572
42 26 0.9571
43 26 0.9569
44 26 0.9568
45 26 0.9567
46 26 0.9567
47 26 0.9566
48 26 0.9565
49 26 0.9564
50 26 0.9564
51 26 0.9563
52 26 0.9563
53 26 0.9562
54 26 0.9562
55 26 0.9561
56 26 0.9561
57 26 0.9561
58 26 0.9561
59 26 0.956
60 26 0.956
61 26 0.956
62 26 0.956
63 26 0.9559
64 26 0.9559
65 26 0.9559
66 26 0.9559
67 26 0.9559
68 26 0.9559
69 26 0.9559
70 26 0.9559
71 26 0.9558
72 26 0.9558
73 26 0.9558
74 26 0.9558
75 26 0.9558
76 26 0.9558
77 26 0.9558
78 26 0.9558
79 26 0.9558
80 26 0.9558
81 26 0.9558
82 26 0.9558
83 26 0.9558
84 26 0.9558
85 26 0.9558
86 26 0.9558
87 26 0.9558

0 27 0.9946
1 27 0.9921
2 27 0.9897
3 27 0.9875
4 27 0.9855
5 27 0.9835
6 27 0.9817
7 27 0.98
8 27 0.9784
9 27 0.9769
10 27 0.9755
11 27 0.9741
12 27 0.9729
13 27 0.9717
14 27 0.9707
15 27 0.9697
16 27 0.9687
17 27 0.9678
18 27 0.967
19 27 0.9663
20 27 0.9656
21 27 0.9649
22 27 0.9643
23 27 0.9637
24 27 0.9632
25 27 0.9627
26 27 0.9623
27 27 0.9619
28 27 0.9615
29 27 0.9611
30 27 0.9608
31 27 0.9605
32 27 0.9602
33 27 0.96
34 27 0.9597
35 27 0.9595
36 27 0.9593
37 27 0.9591
38 27 0.9589
39 27 0.9588
40 27 0.9586
41 27 0.9585
42 27 0.9584
43 27 0.9583
44 27 0.9582
45 27 0.9581
46 27 0.958
47 27 0.9579
48 27 0.9579
49 27 0.9578
50 27 0.9577
51 27 0.9577
52 27 0.9576
53 27 0.9576
54 27 0.9575
55 27 0.9575
56 27 0.9575
57 27 0.9574
58 27 0.9574
59 27 0.9574
60 27 0.9574
61 27 0.9573
62 27 0.9573
63 27 0.9573
64 27 0.9573
65 27 0.9573
66 27 0.9573
67 27 0.9573
68 27 0.9572
69 27 0.9572
70 27 0.9572
71 27 0.9572
72 27 0.9572
73 27 0.9572
74 27 0.9572
75 27 0.9572
76 27 0.9572
77 27 0.9572
78 27 0.9572
79 27 0.9572
80 27 0.9572
81 27 0.9572
82 27 0.9572
83 27 0.9572
84 27 0.9572
85 27 0.9571
86 27 0.9571
87 27 0.9571

0 28 0.9948
1 28 0.9924
2 28 0.9901
3 28 0.988
4 28 0.986
5 28 0.9841
6 28 0.9823
7 28 0.9807
8 28 0.9791
9 28 0.9776
10 28 0.9763
11 28 0.975
12 28 0.9738
13 28 0.9727
14 28 0.9716
15 28 0.9706
16 28 0.9697
17 28 0.9689
18 28 0.9681
19 28 0.9673
20 28 0.9667
21 28 0.966
22 28 0.9654
23 28 0.9649
24 28 0.9644
25 28 0.9639
26 28 0.9635
27 28 0.963
28 28 0.9627
29 28 0.9623
30 28 0.962
31 28 0.9617
32 28 0.9614
33 28 0.9612
34 28 0.961
35 28 0.9607
36 28 0.9605
37 28 0.9604
38 28 0.9602
39 28 0.96
40 28 0.9599
41 28 0.9598
42 28 0.9597
43 28 0.9596
44 28 0.9595
45 28 0.9594
46 28 0.9593
47 28 0.9592
48 28 0.9591
49 28 0.9591
50 28 0.959
51 28 0.959
52 28 0.9589
53 28 0.9589
54 28 0.9588
55 28 0.9588
56 28 0.9588
57 28 0.9587
58 28 0.9587
59 28 0.9587
60 28 0.9586
61 28 0.9586
62 28 0.9586
63 28 0.9586
64 28 0.9586
65 28 0.9586
66 28 0.9585
67 28 0.9585
68 28 0.9585
69 28 0.9585
70 28 0.9585
71 28 0.9585
72 28 0.9585
73 28 0.9585
74 28 0.9585
75 28 0.9585
76 28 0.9585
77 28 0.9585
78 28 0.9585
79 28 0.9585
80 28 0.9584
81 28 0.9584
82 28 0.9584
83 28 0.9584
84 28 0.9584
85 28 0.9584
86 28 0.9584
87 28 0.9584

0 29 0.9949
1 29 0.9926
2 29 0.9904
3 29 0.9884
4 29 0.9864
5 29 0.9846
6 29 0.9829
7 29 0.9813
8 29 0.9798
9 29 0.9784
10 29 0.977
11 29 0.9758
12 29 0.9746
13 29 0.9735
14 29 0.9725
15 29 0.9716
16 29 0.9707
17 29 0.9698
18 29 0.9691
19 29 0.9683
20 29 0.9677
21 29 0.9671
22 29 0.9665
23 29 0.9659
24 29 0.9654
25 29 0.965
26 29 0.9646
27 29 0.9642
28 29 0.9638
29 29 0.9634
30 29 0.9631
31 29 0.9628
32 29 0.9626
33 29 0.9623
34 29 0.9621
35 29 0.9619
36 29 0.9617
37 29 0.9615
38 29 0.9614
39 29 0.9612
40 29 0.9611
41 29 0.961
42 29 0.9608
43 29 0.9607
44 29 0.9606
45 29 0.9606
46 29 0.9605
47 29 0.9604
48 29 0.9603
49 29 0.9603
50 29 0.9602
51 29 0.9602
52 29 0.9601
53 29 0.9601
54 29 0.96
55 29 0.96
56 29 0.96
57 29 0.9599
58 29 0.9599
59 29 0.9599
60 29 0.9599
61 29 0.9598
62 29 0.9598
63 29 0.9598
64 29 0.9598
65 29 0.9598
66 29 0.9598
67 29 0.9597
68 29 0.9597
69 29 0.9597
70 29 0.9597
71 29 0.9597
72 29 0.9597
73 29 0.9597
74 29 0.9597
75 29 0.9597
76 29 0.9597
77 29 0.9597
78 29 0.9597
79 29 0.9597
80 29 0.9597
81 29 0.9597
82 29 0.9597
83 29 0.9596
84 29 0.9596
85 29 0.9596
86 29 0.9596
87 29 0.9596

0 30 0.9951
1 30 0.9929
2 30 0.9908
3 30 0.9888
4 30 0.9869
5 30 0.9851
6 30 0.9835
7 30 0.9819
8 30 0.9804
9 30 0.979
10 30 0.9778
11 30 0.9765
12 30 0.9754
13 30 0.9743
14 30 0.9734
15 30 0.9724
16 30 0.9716
17 30 0.9707
18 30 0.97
19 30 0.9693
20 30 0.9686
21 30 0.968
22 30 0.9675
23 30 0.9669
24 30 0.9665
25 30 0.966
26 30 0.9656
27 30 0.9652
28 30 0.9648
29 30 0.9645
30 30 0.9642
31 30 0.9639
32 30 0.9637
33 30 0.9634
34 30 0.9632
35 30 0.963
36 30 0.9628
37 30 0.9626
38 30 0.9625
39 30 0.9623
40 30 0.9622
41 30 0.9621
42 30 0.962
43 30 0.9619
44 30 0.9618
45 30 0.9617
46 30 0.9616
47 30 0.9615
48 30 0.9615
49 30 0.9614
50 30 0.9613
51 30 0.9613
52 30 0.9612
53 30 0.9612
54 30 0.9612
55 30 0.9611
56 30 0.9611
57 30 0.9611
58 30 0.961
59 30 0.961
60 30 0.961
61 30 0.961
62 30 0.9609
63 30 0.9609
64 30 0.9609
65 30 0.9609
66 30 0.9609
67 30 0.9609
68 30 0.9609
69 30 0.9609
70 30 0.9608
71 30 0.9608
72 30 0.9608
73 30 0.9608
74 30 0.9608
75 30 0.9608
76 30 0.9608
77 30 0.9608
78 30 0.9608
79 30 0.9608
80 30 0.9608
81 30 0.9608
82 30 0.9608
83 30 0.9608
84 30 0.9608
85 30 0.9608
86 30 0.9608
87 30 0.9608

0 31 0.9953
1 31 0.9931
2 31 0.9911
3 31 0.9891
4 31 0.9873
5 31 0.9856
6 31 0.984
7 31 0.9825
8 31 0.981
9 31 0.9797
10 31 0.9784
11 31 0.9773
12 31 0.9761
13 31 0.9751
14 31 0.9741
15 31 0.9732
16 31 0.9724
17 31 0.9716
18 31 0.9709
19 31 0.9702
20 31 0.9695
21 31 0.969
22 31 0.9684
23 31 0.9679
24 31 0.9674
25 31 0.967
26 31 0.9666
27 31 0.9662
28 31 0.9658
29 31 0.9655
30 31 0.9652
31 31 0.9649
32 31 0.9647
33 31 0.9644
34 31 0.9642
35 31 0.964
36 31 0.9638
37 31 0.9637
38 31 0.9635
39 31 0.9634
40 31 0.9632
41 31 0.9631
42 31 0.963
43 31 0.9629
44 31 0.9628
45 31 0.9627
46 31 0.9627
47 31 0.9626
48 31 0.9625
49 31 0.9625
50 31 0.9624
51 31 0.9624
52 31 0.9623
53 31 0.9623
54 31 0.9622
55 31 0.9622
56 31 0.9622
57 31 0.9621
58 31 0.9621
59 31 0.9621
60 31 0.9621
61 31 0.962
62 31 0.962
63 31 0.962
64 31 0.962
65 31 0.962
66 31 0.962
67 31 0.962
68 31 0.9619
69 31 0.9619
70 31 0.9619
71 31 0.9619
72 31 0.9619
73 31 0.9619
74 31 0.9619
75 31 0.9619
76 31 0.9619
77 31 0.9619
78 31 0.9619
79 31 0.9619
80 31 0.9619
81 31 0.9619
82 31 0.9619
83 31 0.9619
84 31 0.9619
85 31 0.9619
86 31 0.9619
87 31 0.9619

0 32 0.9954
1 32 0.9933
2 32 0.9913
3 32 0.9895
4 32 0.9877
5 32 0.986
6 32 0.9845
7 32 0.983
8 32 0.9816
9 32 0.9803
10 32 0.9791
11 32 0.9779
12 32 0.9768
13 32 0.9758
14 32 0.9749
15 32 0.974
16 32 0.9732
17 32 0.9724
18 32 0.9717
19 32 0.971
20 32 0.9704
21 32 0.9698
22 32 0.9693
23 32 0.9688
24 32 0.9683
25 32 0.9679
26 32 0.9675
27 32 0.9671
28 32 0.9668
29 32 0.9665
30 32 0.9662
31 32 0.9659
32 32 0.9656
33 32 0.9654
34 32 0.9652
35 32 0.965
36 32 0.9648
37 32 0.9647
38 32 0.9645
39 32 0.9644
40 32 0.9642
41 32 0.9641
42 32 0.964
43 32 0.9639
44 32 0.9638
45 32 0.9637
46 32 0.9637
47 32 0.9636
48 32 0.9635
49 32 0.9635
50 32 0.9634
51 32 0.9634
52 32 0.9633
53 32 0.9633
54 32 0.9632
55 32 0.9632
56 32 0.9632
57 32 0.9631
58 32 0.9631
59 32 0.9631
60 32 0.9631
61 32 0.9631
62 32 0.963
63 32 0.963
64 32 0.963
65 32 0.963
66 32 0.963
67 32 0.963
68 32 0.963
69 32 0.9629
70 32 0.9629
71 32 0.9629
72 32 0.9629
73 32 0.9629
74 32 0.9629
75 32 0.9629
76 32 0.9629
77 32 0.9629
78 32 0.9629
79 32 0.9629
80 32 0.9629
81 32 0.9629
82 32 0.9629
83 32 0.9629
84 32 0.9629
85 32 0.9629
86 32 0.9629
87 32 0.9629

0 33 0.9956
1 33 0.9935
2 33 0.9916
3 33 0.9898
4 33 0.9881
5 33 0.9864
6 33 0.9849
7 33 0.9835
8 33 0.9821
9 33 0.9809
10 33 0.9797
11 33 0.9785
12 33 0.9775
13 33 0.9765
14 33 0.9756
15 33 0.9747
16 33 0.9739
17 33 0.9732
18 33 0.9725
19 33 0.9718
20 33 0.9712
21 33 0.9706
22 33 0.9701
23 33 0.9696
24 33 0.9692
25 33 0.9687
26 33 0.9684
27 33 0.968
28 33 0.9677
29 33 0.9673
30 33 0.9671
31 33 0.9668
32 33 0.9665
33 33 0.9663
34 33 0.9661
35 33 0.9659
36 33 0.9657
37 33 0.9656
38 33 0.9654
39 33 0.9653
40 33 0.9652
41 33 0.9651
42 33 0.9649
43 33 0.9649
44 33 0.9648
45 33 0.9647
46 33 0.9646
47 33 0.9645
48 33 0.9645
49 33 0.9644
50 33 0.9644
51 33 0.9643
52 33 0.9643
53 33 0.9642
54 33 0.9642
55 33 0.9642
56 33 0.9641
57 33 0.9641
58 33 0.9641
59 33 0.9641
60 33 0.964
61 33 0.964
62 33 0.964
63 33 0.964
64 33 0.964
65 33 0.9639
66 33 0.9639
67 33 0.9639
68 33 0.9639
69 33 0.9639
70 33 0.9639
71 33 0.9639
72 33 0.9639
73 33 0.9639
74 33 0.9639
75 33 0.9639
76 33 0.9639
77 33 0.9639
78 33 0.9639
79 33 0.9639
80 33 0.9638
81 33 0.9638
82 33 0.9638
83 33 0.9638
84 33 0.9638
85 33 0.9638
86 33 0.9638
87 33 0.9638

0 34 0.9957
1 34 0.9937
2 34 0.9918
3 34 0.9901
4 34 0.9884
5 34 0.9868
6 34 0.9853
7 34 0.9839
8 34 0.9826
9 34 0.9814
10 34 0.9802
11 34 0.9791
12 34 0.9781
13 34 0.9771
14 34 0.9762
15 34 0.9754
16 34 0.9746
17 34 0.9739
18 34 0.9732
19 34 0.9726
20 34 0.972
21 34 0.9714
22 34 0.9709
23 34 0.9704
24 34 0.97
25 34 0.9696
26 34 0.9692
27 34 0.9688
28 34 0.9685
29 34 0.9682
30 34 0.9679
31 34 0.9676
32 34 0.9674
33 34 0.9672
34 34 0.967
35 34 0.9668
36 34 0.9666
37 34 0.9665
38 34 0.9663
39 34 0.9662
40 34 0.9661
41 34 0.9659
42 34 0.9658
43 34 0.9657
44 34 0.9657
45 34 0.9656
46 34 0.9655
47 34 0.9654
48 34 0.9654
49 34 0.9653
50 34 0.9653
51 34 0.9652
52 34 0.9652
53 34 0.9651
54 34 0.9651
55 34 0.9651
56 34 0.965
57 34 0.965
58 34 0.965
59 34 0.965
60 34 0.9649
61 34 0.9649
62 34 0.9649
63 34 0.9649
64 34 0.9649
65 34 0.9649
66 34 0.9648
67 34 0.9648
68 34 0.9648
69 34 0.9648
70 34 0.9648
71 34 0.9648
72 34 0.9648
73 34 0.9648
74 34 0.9648
75 34 0.9648
76 34 0.9648
77 34 0.9648
78 34 0.9648
79 34 0.9648
80 34 0.9648
81 34 0.9648
82 34 0.9648
83 34 0.9648
84 34 0.9647
85 34 0.9647
86 34 0.9647
87 34 0.9647

0 35 0.9958
1 35 0.9939
2 35 0.9921
3 35 0.9904
4 35 0.9887
5 35 0.9872
6 35 0.9857
7 35 0.9844
8 35 0.9831
9 35 0.9819
10 35 0.9808
11 35 0.9797
12 35 0.9787
13 35 0.9778
14 35 0.9769
15 35 0.9761
16 35 0.9753
17 35 0.9746
18 35 0.9739
19 35 0.9733
20 35 0.9727
21 35 0.9721
22 35 0.9716
23 35 0.9712
24 35 0.9707
25 35 0.9703
26 35 0.97
27 35 0.9696
28 35 0.9693
29 35 0.969
30 35 0.9687
31 35 0.9685
32 35 0.9682
33 35 0.968
34 35 0.9678
35 35 0.9676
36 35 0.9675
37 35 0.9673
38 35 0.9672
39 35 0.967
40 35 0.9669
41 35 0.9668
42 35 0.9667
43 35 0.9666
44 35 0.9665
45 35 0.9664
46 35 0.9664
47 35 0.9663
48 35 0.9662
49 35 0.9662
50 35 0.9661
51 35 0.9661
52 35 0.966
53 35 0.966
54 35 0.966
55 35 0.9659
56 35 0.9659
57 35 0.9659
58 35 0.9658
59 35 0.9658
60 35 0.9658
61 35 0.9658
62 35 0.9658
63 35 0.9658
64 35 0.9657
65 35 0.9657
66 35 0.9657
67 35 0.9657
68 35 0.9657
69 35 0.9657
70 35 0.9657
71 35 0.9657
72 35 0.9657
73 35 0.9657
74 35 0.9656
75 35 0.9656
76 35 0.9656
77 35 0.9656
78 35 0.9656
79 35 0.9656
80 35 0.9656
81 35 0.9656
82 35 0.9656
83 35 0.9656
84 35 0.9656
85 35 0.9656
86 35 0.9656
87 35 0.9656

0 36 0.9959
1 36 0.9941
2 36 0.9923
3 36 0.9906
4 36 0.989
5 36 0.9875
6 36 0.9861
7 36 0.9848
8 36 0.9835
9 36 0.9824
10 36 0.9813
11 36 0.9802
12 36 0.9792
13 36 0.9783
14 36 0.9775
15 36 0.9767
16 36 0.9759
17 36 0.9752
18 36 0.9746
19 36 0.9739
20 36 0.9734
21 36 0.9728
22 36 0.9724
23 36 0.9719
24 36 0.9715
25 36 0.9711
26 36 0.9707
27 36 0.9704
28 36 0.97
29 36 0.9698
30 36 0.9695
31 36 0.9692
32 36 0.969
33 36 0.9688
34 36 0.9686
35 36 0.9684
36 36 0.9682
37 36 0.9681
38 36 0.968
39 36 0.9678
40 36 0.9677
41 36 0.9676
42 36 0.9675
43 36 0.9674
44 36 0.9673
45 36 0.9672
46 36 0.9672
47 36 0.9671
48 36 0.967
49 36 0.967
50 36 0.9669
51 36 0.9669
52 36 0.9669
53 36 0.9668
54 36 0.9668
55 36 0.9667
56 36 0.9667
57 36 0.9667
58 36 0.9667
59 36 0.9666
60 36 0.9666
61 36 0.9666
62 36 0.9666
63 36 0.9666
64 36 0.9666
65 36 0.9665
66 36 0.9665
67 36 0.9665
68 36 0.9665
69 36 0.9665
70 36 0.9665
71 36 0.9665
72 36 0.9665
73 36 0.9665
74 36 0.9665
75 36 0.9665
76 36 0.9665
77 36 0.9665
78 36 0.9665
79 36 0.9665
80 36 0.9664
81 36 0.9664
82 36 0.9664
83 36 0.9664
84 36 0.9664
85 36 0.9664
86 36 0.9664
87 36 0.9664

0 37 0.996
1 37 0.9942
2 37 0.9925
3 37 0.9909
4 37 0.9893
5 37 0.9879
6 37 0.9865
7 37 0.9852
8 37 0.984
9 37 0.9828
10 37 0.9817
11 37 0.9807
12 37 0.9798
13 37 0.9789
14 37 0.978
15 37 0.9773
16 37 0.9765
17 37 0.9758
18 37 0.9752
19 37 0.9746
20 37 0.974
21 37 0.9735
22 37 0.973
23 37 0.9726
24 37 0.9722
25 37 0.9718
26 37 0.9714
27 37 0.9711
28 37 0.9708
29 37 0.9705
30 37 0.9702
31 37 0.97
32 37 0.9697
33 37 0.9695
34 37 0.9693
35 37 0.9692
36 37 0.969
37 37 0.9689
38 37 0.9687
39 37 0.9686
40 37 0.9685
41 37 0.9684
42 37 0.9683
43 37 0.9682
44 37 0.9681
45 37 0.968
46 37 0.9679
47 37 0.9679
48 37 0.9678
49 37 0.9678
50 37 0.9677
51 37 0.9677
52 37 0.9676
53 37 0.9676
54 37 0.9676
55 37 0.9675
56 37 0.9675
57 37 0.9675
58 37 0.9674
59 37 0.9674
60 37 0.9674
61 37 0.9674
62 37 0.9674
63 37 0.9674
64 37 0.9673
65 37 0.9673
66 37 0.9673
67 37 0.9673
68 37 0.9673
69 37 0.9673
70 37 0.9673
71 37 0.9673
72 37 0.9673
73 37 0.9673
74 37 0.9673
75 37 0.9673
76 37 0.9672
77 37 0.9672
78 37 0.9672
79 37 0.9672
80 37 0.9672
81 37 0.9672
82 37 0.9672
83 37 0.9672
84 37 0.9672
85 37 0.9672
86 37 0.9672
87 37 0.9672

0 38 0.9962
1 38 0.9944
2 38 0.9927
3 38 0.9911
4 38 0.9896
5 38 0.9882
6 38 0.9868
7 38 0.9856
8 38 0.9844
9 38 0.9833
10 38 0.9822
11 38 0.9812
12 38 0.9803
13 38 0.9794
14 38 0.9786
15 38 0.9778
16 38 0.9771
17 38 0.9764
18 38 0.9758
19 38 0.9752
20 38 0.9747
21 38 0.9741
22 38 0.9737
23 38 0.9732
24 38 0.9728
25 38 0.9724
26 38 0.9721
27 38 0.9718
28 38 0.9715
29 38 0.9712
30 38 0.9709
31 38 0.9707
32 38 0.9704
33 38 0.9702
34 38 0.9701
35 38 0.9699
36 38 0.9697
37 38 0.9696
38 38 0.9694
39 38 0.9693
40 38 0.9692
41 38 0.9691
42 38 0.969
43 38 0.9689
44 38 0.9688
45 38 0.9687
46 38 0.9687
47 38 0.9686
48 38 0.9686
49 38 0.9685
50 38 0.9685
51 38 0.9684
52 38 0.9684
53 38 0.9683
54 38 0.9683
55 38 0.9683
56 38 0.9682
57 38 0.9682
58 38 0.9682
59 38 0.9682
60 38 0.9681
61 38 0.9681
62 38 0.9681
63 38 0.9681
64 38 0.9681
65 38 0.9681
66 38 0.9681
67 38 0.9681
68 38 0.968
69 38 0.968
70 38 0.968
71 38 0.968
72 38 0.968
73 38 0.968
74 38 0.968
75 38 0.968
76 38 0.968
77 38 0.968
78 38 0.968
79 38 0.968
80 38 0.968
81 38 0.968
82 38 0.968
83 38 0.968
84 38 0.968
85 38 0.968
86 38 0.968
87 38 0.968

0 39 0.9963
1 39 0.9945
2 39 0.9929
3 39 0.9913
4 39 0.9899
5 39 0.9885
6 39 0.9872
7 39 0.9859
8 39 0.9848
9 39 0.9837
10 39 0.9826
11 39 0.9817
12 39 0.9807
13 39 0.9799
14 39 0.9791
15 39 0.9783
16 39 0.9776
17 39 0.977
18 39 0.9764
19 39 0.9758
20 39 0.9752
21 39 0.9747
22 39 0.9743
23 39 0.9738
24 39 0.9734
25 39 0.9731
26 39 0.9727
27 39 0.9724
28 39 0.9721
29 39 0.9718
30 39 0.9716
31 39 0.9713
32 39 0.9711
33 39 0.9709
34 39 0.9707
35 39 0.9706
36 39 0.9704
37 39 0.9703
38 39 0.9701
39 39 0.97
40 39 0.9699
41 39 0.9698
42 39 0.9697
43 39 0.9696
44 39 0.9695
45 39 0.9694
46 39 0.9694
47 39 0.9693
48 39 0.9693
49 39 0.9692
50 39 0.9692
51 39 0.9691
52 39 0.9691
53 39 0.969
54 39 0.969
55 39 0.969
56 39 0.9689
57 39 0.9689
58 39 0.9689
59 39 0.9689
60 39 0.9689
61 39 0.9688
62 39 0.9688
63 39 0.9688
64 39 0.9688
65 39 0.9688
66 39 0.9688
67 39 0.9688
68 39 0.9688
69 39 0.9687
70 39 0.9687
71 39 0.9687
72 39 0.9687
73 39 0.9687
74 39 0.9687
75 39 0.9687
76 39 0.9687
77 39 0.9687
78 39 0.9687
79 39 0.9687
80 39 0.9687
81 39 0.9687
82 39 0.9687
83 39 0.9687
84 39 0.9687
85 39 0.9687
86 39 0.9687
87 39 0.9687

0 40 0.9963
1 40 0.9947
2 40 0.9931
3 40 0.9915
4 40 0.9901
5 40 0.9888
6 40 0.9875
7 40 0.9863
8 40 0.9851
9 40 0.9841
10 40 0.983
11 40 0.9821
12 40 0.9812
13 40 0.9804
14 40 0.9796
15 40 0.9788
16 40 0.9781
17 40 0.9775
18 40 0.9769
19 40 0.9763
20 40 0.9758
21 40 0.9753
22 40 0.9749
23 40 0.9744
24 40 0.974
25 40 0.9737
26 40 0.9733
27 40 0.973
28 40 0.9727
29 40 0.9725
30 40 0.9722
31 40 0.972
32 40 0.9718
33 40 0.9716
34 40 0.9714
35 40 0.9712
36 40 0.9711
37 40 0.9709
38 40 0.9708
39 40 0.9707
40 40 0.9706
41 40 0.9704
42 40 0.9704
43 40 0.9703
44 40 0.9702
45 40 0.9701
46 40 0.9701
47 40 0.97
48 40 0.9699
49 40 0.9699
50 40 0.9698
51 40 0.9698
52 40 0.9698
53 40 0.9697
54 40 0.9697
55 40 0.9697
56 40 0.9696
57 40 0.9696
58 40 0.9696
59 40 0.9696
60 40 0.9695
61 40 0.9695
62 40 0.9695
63 40 0.9695
64 40 0.9695
65 40 0.9695
66 40 0.9695
67 40 0.9694
68 40 0.9694
69 40 0.9694
70 40 0.9694
71 40 0.9694
72 40 0.9694
73 40 0.9694
74 40 0.9694
75 40 0.9694
76 40 0.9694
77 40 0.9694
78 40 0.9694
79 40 0.9694
80 40 0.9694
81 40 0.9694
82 40 0.9694
83 40 0.9694
84 40 0.9694
85 40 0.9694
86 40 0.9694
87 40 0.9694

0 41 0.9964
1 41 0.9948
2 41 0.9932
3 41 0.9917
4 41 0.9903
5 41 0.989
6 41 0.9878
7 41 0.9866
8 41 0.9855
9 41 0.9844
10 41 0.9834
11 41 0.9825
12 41 0.9816
13 41 0.9808
14 41 0.98
15 41 0.9793
16 41 0.9786
17 41 0.978
18 41 0.9774
19 41 0.9769
20 41 0.9763
21 41 0.9759
22 41 0.9754
23 41 0.975
24 41 0.9746
25 41 0.9743
26 41 0.9739
27 41 0.9736
28 41 0.9733
29 41 0.9731
30 41 0.9728
31 41 0.9726
32 41 0.9724
33 41 0.9722
34 41 0.972
35 41 0.9718
36 41 0.9717
37 41 0.9715
38 41 0.9714
39 41 0.9713
40 41 0.9712
41 41 0.9711
42 41 0.971
43 41 0.9709
44 41 0.9708
45 41 0.9708
46 41 0.9707
47 41 0.9706
48 41 0.9706
49 41 0.9705
50 41 0.9705
51 41 0.9704
52 41 0.9704
53 41 0.9704
54 41 0.9703
55 41 0.9703
56 41 0.9703
57 41 0.9703
58 41 0.9702
59 41 0.9702
60 41 0.9702
61 41 0.9702
62 41 0.9702
63 41 0.9701
64 41 0.9701
65 41 0.9701
66 41 0.9701
67 41 0.9701
68 41 0.9701
69 41 0.9701
70 41 0.9701
71 41 0.9701
72 41 0.9701
73 41 0.9701
74 41 0.97
75 41 0.97
76 41 0.97
77 41 0.97
78 41 0.97
79 41 0.97
80 41 0.97
81 41 0.97
82 41 0.97
83 41 0.97
84 41 0.97
85 41 0.97
86 41 0.97
87 41 0.97

0 42 0.9965
1 42 0.9949
2 42 0.9934
3 42 0.9919
4 42 0.9906
5 42 0.9893
6 42 0.9881
7 42 0.9869
8 42 0.9858
9 42 0.9848
10 42 0.9838
11 42 0.9829
12 42 0.982
13 42 0.9812
14 42 0.9805
15 42 0.9798
16 42 0.9791
17 42 0.9785
18 42 0.9779
19 42 0.9774
20 42 0.9769
21 42 0.9764
22 42 0.976
23 42 0.9755
24 42 0.9752
25 42 0.9748
26 42 0.9745
27 42 0.9742
28 42 0.9739
29 42 0.9736
30 42 0.9734
31 42 0.9732
32 42 0.973
33 42 0.9728
34 42 0.9726
35 42 0.9724
36 42 0.9723
37 42 0.9721
38 42 0.972
39 42 0.9719
40 42 0.9718
41 42 0.9717
42 42 0.9716
43 42 0.9715
44 42 0.9714
45 42 0.9714
46 42 0.9713
47 42 0.9712
48 42 0.9712
49 42 0.9711
50 42 0.9711
51 42 0.9711
52 42 0.971
53 42 0.971
54 42 0.971
55 42 0.9709
56 42 0.9709
57 42 0.9709
58 42 0.9709
59 42 0.9708
60 42 0.9708
61 42 0.9708
62 42 0.9708
63 42 0.9708
64 42 0.9708
65 42 0.9707
66 42 0.9707
67 42 0.9707
68 42 0.9707
69 42 0.9707
70 42 0.9707
71 42 0.9707
72 42 0.9707
73 42 0.9707
74 42 0.9707
75 42 0.9707
76 42 0.9707
77 42 0.9707
78 42 0.9707
79 42 0.9707
80 42 0.9707
81 42 0.9707
82 42 0.9706
83 42 0.9706
84 42 0.9706
85 42 0.9706
86 42 0.9706
87 42 0.9706

0 43 0.9966
1 43 0.995
2 43 0.9935
3 43 0.9921
4 43 0.9908
5 43 0.9895
6 43 0.9883
7 43 0.9872
8 43 0.9861
9 43 0.9851
10 43 0.9842
11 43 0.9833
12 43 0.9824
13 43 0.9816
14 43 0.9809
15 43 0.9802
16 43 0.9796
17 43 0.979
18 43 0.9784
19 43 0.9779
20 43 0.9774
21 43 0.9769
22 43 0.9765
23 43 0.9761
24 43 0.9757
25 43 0.9753
26 43 0.975
27 43 0.9747
28 43 0.9744
29 43 0.9742
30 43 0.9739
31 43 0.9737
32 43 0.9735
33 43 0.9733
34 43 0.9732
35 43 0.973
36 43 0.9729
37 43 0.9727
38 43 0.9726
39 43 0.9725
40 43 0.9724
41 43 0.9723
42 43 0.9722
43 43 0.9721
44 43 0.972
45 43 0.972
46 43 0.9719
47 43 0.9718
48 43 0.9718
49 43 0.9717
50 43 0.9717
51 43 0.9716
52 43 0.9716
53 43 0.9716
54 43 0.9715
55 43 0.9715
56 43 0.9715
57 43 0.9715
58 43 0.9714
59 43 0.9714
60 43 0.9714
61 43 0.9714
62 43 0.9714
63 43 0.9714
64 43 0.9714
65 43 0.9713
66 43 0.9713
67 43 0.9713
68 43 0.9713
69 43 0.9713
70 43 0.9713
71 43 0.9713
72 43 0.9713
73 43 0.9713
74 43 0.9713
75 43 0.9713
76 43 0.9713
77 43 0.9713
78 43 0.9713
79 43 0.9713
80 43 0.9713
81 43 0.9712
82 43 0.9712
83 43 0.9712
84 43 0.9712
85 43 0.9712
86 43 0.9712
87 43 0.9712

0 44 0.9967
1 44 0.9951
2 44 0.9937
3 44 0.9923
4 44 0.991
5 44 0.9898
6 44 0.9886
7 44 0.9875
8 44 0.9864
9 44 0.9854
10 44 0.9845
11 44 0.9836
12 44 0.9828
13 44 0.982
14 44 0.9813
15 44 0.9806
16 44 0.98
17 44 0.9794
18 44 0.9788
19 44 0.9783
20 44 0.9778
21 44 0.9774
22 44 0.977
23 44 0.9766
24 44 0.9762
25 44 0.9758
26 44 0.9755
27 44 0.9752
28 44 0.975
29 44 0.9747
30 44 0.9745
31 44 0.9743
32 44 0.9741
33 44 0.9739
34 44 0.9737
35 44 0.9736
36 44 0.9734
37 44 0.9733
38 44 0.9731
39 44 0.973
40 44 0.9729
41 44 0.9728
42 44 0.9727
43 44 0.9727
44 44 0.9726
45 44 0.9725
46 44 0.9725
47 44 0.9724
48 44 0.9724
49 44 0.9723
50 44 0.9723
51 44 0.9722
52 44 0.9722
53 44 0.9721
54 44 0.9721
55 44 0.9721
56 44 0.9721
57 44 0.972
58 44 0.972
59 44 0.972
60 44 0.972
61 44 0.972
62 44 0.9719
63 44 0.9719
64 44 0.9719
65 44 0.9719
66 44 0.9719
67 44 0.9719
68 44 0.9719
69 44 0.9719
70 44 0.9719
71 44 0.9719
72 44 0.9719
73 44 0.9719
74 44 0.9718
75 44 0.9718
76 44 0.9718
77 44 0.9718
78 44 0.9718
79 44 0.9718
80 44 0.9718
81 44 0.9718
82 44 0.9718
83 44 0.9718
84 44 0.9718
85 44 0.9718
86 44 0.9718
87 44 0.9718

0 45 0.9968
1 45 0.9953
2 45 0.9938
3 45 0.9925
4 45 0.9912
5 45 0.99
6 45 0.9888
7 45 0.9877
8 45 0.9867
9 45 0.9858
10 45 0.9848
11 45 0.984
12 45 0.9832
13 45 0.9824
14 45 0.9817
15 45 0.981
16 45 0.9804
17 45 0.9798
18 45 0.9793
19 45 0.9788
20 45 0.9783
21 45 0.9778
22 45 0.9774
23 45 0.977
24 45 0.9767
25 45 0.9763
26 45 0.976
27 45 0.9757
28 45 0.9755
29 45 0.9752
30 45 0.975
31 45 0.9748
32 45 0.9746
33 45 0.9744
34 45 0.9742
35 45 0.9741
36 45 0.9739
37 45 0.9738
38 45 0.9737
39 45 0.9736
40 45 0.9735
41 45 0.9734
42 45 0.9733
43 45 0.9732
44 45 0.9731
45 45 0.9731
46 45 0.973
47 45 0.9729
48 45 0.9729
49 45 0.9728
50 45 0.9728
51 45 0.9728
52 45 0.9727
53 45 0.9727
54 45 0.9727
55 45 0.9726
56 45 0.9726
57 45 0.9726
58 45 0.9726
59 45 0.9725
60 45 0.9725
61 45 0.9725
62 45 0.9725
63 45 0.9725
64 45 0.9725
65 45 0.9725
66 45 0.9725
67 45 0.9724
68 45 0.9724
69 45 0.9724
70 45 0.9724
71 45 0.9724
72 45 0.9724
73 45 0.9724
74 45 0.9724
75 45 0.9724
76 45 0.9724
77 45 0.9724
78 45 0.9724
79 45 0.9724
80 45 0.9724
81 45 0.9724
82 45 0.9724
83 45 0.9724
84 45 0.9724
85 45 0.9724
86 45 0.9724
87 45 0.9724

0 46 0.9968
1 46 0.9954
2 46 0.994
3 46 0.9926
4 46 0.9914
5 46 0.9902
6 46 0.9891
7 46 0.988
8 46 0.987
9 46 0.986
10 46 0.9852
11 46 0.9843
12 46 0.9835
13 46 0.9828
14 46 0.9821
15 46 0.9814
16 46 0.9808
17 46 0.9802
18 46 0.9797
19 46 0.9792
20 46 0.9787
21 46 0.9783
22 46 0.9779
23 46 0.9775
24 46 0.9771
25 46 0.9768
26 46 0.9765
27 46 0.9762
28 46 0.976
29 46 0.9757
30 46 0.9755
31 46 0.9753
32 46 0.9751
33 46 0.9749
34 46 0.9747
35 46 0.9746
36 46 0.9744
37 46 0.9743
38 46 0.9742
39 46 0.9741
40 46 0.974
41 46 0.9739
42 46 0.9738
43 46 0.9737
44 46 0.9737
45 46 0.9736
46 46 0.9735
47 46 0.9735
48 46 0.9734
49 46 0.9734
50 46 0.9733
51 46 0.9733
52 46 0.9733
53 46 0.9732
54 46 0.9732
55 46 0.9732
56 46 0.9731
57 46 0.9731
58 46 0.9731
59 46 0.9731
60 46 0.9731
61 46 0.973
62 46 0.973
63 46 0.973
64 46 0.973
65 46 0.973
66 46 0.973
67 46 0.973
68 46 0.973
69 46 0.973
70 46 0.9729
71 46 0.9729
72 46 0.9729
73 46 0.9729
74 46 0.9729
75 46 0.9729
76 46 0.9729
77 46 0.9729
78 46 0.9729
79 46 0.9729
80 46 0.9729
81 46 0.9729
82 46 0.9729
83 46 0.9729
84 46 0.9729
85 46 0.9729
86 46 0.9729
87 46 0.9729

0 47 0.9969
1 47 0.9955
2 47 0.9941
3 47 0.9928
4 47 0.9916
5 47 0.9904
6 47 0.9893
7 47 0.9883
8 47 0.9873
9 47 0.9863
10 47 0.9855
11 47 0.9846
12 47 0.9839
13 47 0.9831
14 47 0.9824
15 47 0.9818
16 47 0.9812
17 47 0.9806
18 47 0.9801
19 47 0.9796
20 47 0.9791
21 47 0.9787
22 47 0.9783
23 47 0.9779
24 47 0.9776
25 47 0.9773
26 47 0.977
27 47 0.9767
28 47 0.9764
29 47 0.9762
30 47 0.976
31 47 0.9757
32 47 0.9756
33 47 0.9754
34 47 0.9752
35 47 0.9751
36 47 0.9749
37 47 0.9748
38 47 0.9747
39 47 0.9746
40 47 0.9745
41 47 0.9744
42 47 0.9743
43 47 0.9742
44 47 0.9742
45 47 0.9741
46 47 0.974
47 47 0.974
48 47 0.9739
49 47 0.9739
50 47 0.9738
51 47 0.9738
52 47 0.9738
53 47 0.9737
54 47 0.9737
55 47 0.9737
56 47 0.9736
57 47 0.9736
58 47 0.9736
59 47 0.9736
60 47 0.9736
61 47 0.9735
62 47 0.9735
63 47 0.9735
64 47 0.9735
65 47 0.9735
66 47 0.9735
67 47 0.9735
68 47 0.9735
69 47 0.9735
70 47 0.9735
71 47 0.9735
72 47 0.9734
73 47 0.9734
74 47 0.9734
75 47 0.9734
76 47 0.9734
77 47 0.9734
78 47 0.9734
79 47 0.9734
80 47 0.9734
81 47 0.9734
82 47 0.9734
83 47 0.9734
84 47 0.9734
85 47 0.9734
86 47 0.9734
87 47 0.9734

0 48 0.997
1 48 0.9956
2 48 0.9942
3 48 0.9929
4 48 0.9917
5 48 0.9906
6 48 0.9895
7 48 0.9885
8 48 0.9875
9 48 0.9866
10 48 0.9857
11 48 0.9849
12 48 0.9842
13 48 0.9835
14 48 0.9828
15 48 0.9821
16 48 0.9816
17 48 0.981
18 48 0.9805
19 48 0.98
20 48 0.9795
21 48 0.9791
22 48 0.9787
23 48 0.9783
24 48 0.978
25 48 0.9777
26 48 0.9774
27 48 0.9771
28 48 0.9769
29 48 0.9766
30 48 0.9764
31 48 0.9762
32 48 0.976
33 48 0.9758
34 48 0.9757
35 48 0.9755
36 48 0.9754
37 48 0.9753
38 48 0.9752
39 48 0.975
40 48 0.975
41 48 0.9749
42 48 0.9748
43 48 0.9747
44 48 0.9746
45 48 0.9746
46 48 0.9745
47 48 0.9745
48 48 0.9744
49 48 0.9744
50 48 0.9743
51 48 0.9743
52 48 0.9742
53 48 0.9742
54 48 0.9742
55 48 0.9742
56 48 0.9741
57 48 0.9741
58 48 0.9741
59 48 0.9741
60 48 0.9741
61 48 0.974
62 48 0.974
63 48 0.974
64 48 0.974
65 48 0.974
66 48 0.974
67 48 0.974
68 48 0.974
69 48 0.974
70 48 0.9739
71 48 0.9739
72 48 0.9739
73 48 0.9739
74 48 0.9739
75 48 0.9739
76 48 0.9739
77 48 0.9739
78 48 0.9739
79 48 0.9739
80 48 0.9739
81 48 0.9739
82 48 0.9739
83 48 0.9739
84 48 0.9739
85 48 0.9739
86 48 0.9739
87 48 0.9739

0 49 0.997
1 49 0.9956
2 49 0.9943
3 49 0.9931
4 49 0.9919
5 49 0.9908
6 49 0.9897
7 49 0.9887
8 49 0.9878
9 49 0.9869
10 49 0.986
11 49 0.9852
12 49 0.9845
13 49 0.9838
14 49 0.9831
15 49 0.9825
16 49 0.9819
17 49 0.9814
18 49 0.9808
19 49 0.9804
20 49 0.9799
21 49 0.9795
22 49 0.9791
23 49 0.9788
24 49 0.9784
25 49 0.9781
26 49 0.9778
27 49 0.9775
28 49 0.9773
29 49 0.9771
30 49 0.9768
31 49 0.9766
32 49 0.9765
33 49 0.9763
34 49 0.9761
35 49 0.976
36 49 0.9758
37 49 0.9757
38 49 0.9756
39 49 0.9755
40 49 0.9754
41 49 0.9753
42 49 0.9752
43 49 0.9752
44 49 0.9751
45 49 0.975
46 49 0.975
47 49 0.9749
48 49 0.9749
49 49 0.9748
50 49 0.9748
51 49 0.9747
52 49 0.9747
53 49 0.9747
54 49 0.9747
55 49 0.9746
56 49 0.9746
57 49 0.9746
58 49 0.9746
59 49 0.9745
60 49 0.9745
61 49 0.9745
62 49 0.9745
63 49 0.9745
64 49 0.9745
65 49 0.9745
66 49 0.9745
67 49 0.9744
68 49 0.9744
69 49 0.9744
70 49 0.9744
71 49 0.9744
72 49 0.9744
73 49 0.9744
74 49 0.9744
75 49 0.9744
76 49 0.9744
77 49 0.9744
78 49 0.9744
79 49 0.9744
80 49 0.9744
81 49 0.9744
82 49 0.9744
83 49 0.9744
84 49 0.9744
85 49 0.9744
86 49 0.9744
87 49 0.9744

0 50 0.9971
1 50 0.9957
2 50 0.9944
3 50 0.9932
4 50 0.9921
5 50 0.991
6 50 0.9899
7 50 0.9889
8 50 0.988
9 50 0.9871
10 50 0.9863
11 50 0.9855
12 50 0.9848
13 50 0.9841
14 50 0.9834
15 50 0.9828
16 50 0.9822
17 50 0.9817
18 50 0.9812
19 50 0.9807
20 50 0.9803
21 50 0.9799
22 50 0.9795
23 50 0.9791
24 50 0.9788
25 50 0.9785
26 50 0.9782
27 50 0.978
28 50 0.9777
29 50 0.9775
30 50 0.9773
31 50 0.9771
32 50 0.9769
33 50 0.9767
34 50 0.9766
35 50 0.9764
36 50 0.9763
37 50 0.9762
38 50 0.976
39 50 0.9759
40 50 0.9759
41 50 0.9758
42 50 0.9757
43 50 0.9756
44 50 0.9755
45 50 0.9755
46 50 0.9754
47 50 0.9754
48 50 0.9753
49 50 0.9753
50 50 0.9752
51 50 0.9752
52 50 0.9752
53 50 0.9751
54 50 0.9751
55 50 0.9751
56 50 0.9751
57 50 0.975
58 50 0.975
59 50 0.975
60 50 0.975
61 50 0.975
62 50 0.9749
63 50 0.9749
64 50 0.9749
65 50 0.9749
66 50 0.9749
67 50 0.9749
68 50 0.9749
69 50 0.9749
70 50 0.9749
71 50 0.9749
72 50 0.9749
73 50 0.9749
74 50 0.9749
75 50 0.9749
76 50 0.9748
77 50 0.9748
78 50 0.9748
79 50 0.9748
80 50 0.9748
81 50 0.9748
82 50 0.9748
83 50 0.9748
84 50 0.9748
85 50 0.9748
86 50 0.9748
87 50 0.9748

0 51 0.9971
1 51 0.9958
2 51 0.9946
3 51 0.9934
4 51 0.9922
5 51 0.9911
6 51 0.9901
7 51 0.9891
8 51 0.9882
9 51 0.9874
10 51 0.9866
11 51 0.9858
12 51 0.9851
13 51 0.9844
14 51 0.9837
15 51 0.9831
16 51 0.9826
17 51 0.982
18 51 0.9815
19 51 0.9811
20 51 0.9807
21 51 0.9802
22 51 0.9799
23 51 0.9795
24 51 0.9792
25 51 0.9789
26 51 0.9786
27 51 0.9783
28 51 0.9781
29 51 0.9779
30 51 0.9777
31 51 0.9775
32 51 0.9773
33 51 0.9771
34 51 0.977
35 51 0.9768
36 51 0.9767
37 51 0.9766
38 51 0.9765
39 51 0.9764
40 51 0.9763
41 51 0.9762
42 51 0.9761
43 51 0.976
44 51 0.976
45 51 0.9759
46 51 0.9759
47 51 0.9758
48 51 0.9758
49 51 0.9757
50 51 0.9757
51 51 0.9756
52 51 0.9756
53 51 0.9756
54 51 0.9755
55 51 0.9755
56 51 0.9755
57 51 0.9755
58 51 0.9754
59 51 0.9754
60 51 0.9754
61 51 0.9754
62 51 0.9754
63 51 0.9754
64 51 0.9754
65 51 0.9754
66 51 0.9753
67 51 0.9753
68 51 0.9753
69 51 0.9753
70 51 0.9753
71 51 0.9753
72 51 0.9753
73 51 0.9753
74 51 0.9753
75 51 0.9753
76 51 0.9753
77 51 0.9753
78 51 0.9753
79 51 0.9753
80 51 0.9753
81 51 0.9753
82 51 0.9753
83 51 0.9753
84 51 0.9753
85 51 0.9753
86 51 0.9753
87 51 0.9753

0 52 0.9972
1 52 0.9959
2 52 0.9947
3 52 0.9935
4 52 0.9924
5 52 0.9913
6 52 0.9903
7 52 0.9893
8 52 0.9884
9 52 0.9876
10 52 0.9868
11 52 0.986
12 52 0.9853
13 52 0.9847
14 52 0.984
15 52 0.9834
16 52 0.9829
17 52 0.9824
18 52 0.9819
19 52 0.9814
20 52 0.981
21 52 0.9806
22 52 0.9802
23 52 0.9799
24 52 0.9796
25 52 0.9793
26 52 0.979
27 52 0.9787
28 52 0.9785
29 52 0.9783
30 52 0.9781
31 52 0.9779
32 52 0.9777
33 52 0.9775
34 52 0.9774
35 52 0.9772
36 52 0.9771
37 52 0.977
38 52 0.9769
39 52 0.9768
40 52 0.9767
41 52 0.9766
42 52 0.9765
43 52 0.9765
44 52 0.9764
45 52 0.9763
46 52 0.9763
47 52 0.9762
48 52 0.9762
49 52 0.9761
50 52 0.9761
51 52 0.9761
52 52 0.976
53 52 0.976
54 52 0.976
55 52 0.9759
56 52 0.9759
57 52 0.9759
58 52 0.9759
59 52 0.9759
60 52 0.9758
61 52 0.9758
62 52 0.9758
63 52 0.9758
64 52 0.9758
65 52 0.9758
66 52 0.9758
67 52 0.9758
68 52 0.9758
69 52 0.9757
70 52 0.9757
71 52 0.9757
72 52 0.9757
73 52 0.9757
74 52 0.9757
75 52 0.9757
76 52 0.9757
77 52 0.9757
78 52 0.9757
79 52 0.9757
80 52 0.9757
81 52 0.9757
82 52 0.9757
83 52 0.9757
84 52 0.9757
85 52 0.9757
86 52 0.9757
87 52 0.9757

