0.853 6.000122077763535
0.854 6.00024417043096
0.855 6.015748031496063
0.856 6.031746031746032
0.858 6.064516129032258
0.862 6.133333333333333
0.869 6.285714285714286
0.881 6.666666666666666
0.9 7.000122077763535
0.907 7.000122077763535
0.908 7.007843137254902
0.909 7.031746031746032
0.911 7.064516129032258
0.914 7.133333333333333
0.919 7.285714285714286
0.928 7.666666666666666
0.931 8.000122077763535
0.932 8.015748031496063
0.933 8.031746031746032
0.934 8.064516129032258
0.937 8.133333333333333
0.941 8.285714285714285
0.942 8.666666666666666
0.945 8.666666666666666
0.946 8.666666666666666
0.948 8.666666666666666
0.95 9.133333333333333
0.953 9.285714285714285
0.954 9.666666666666666
0.955 9.666666666666666
0.956 9.666666666666666
0.958 9.666666666666666
0.959 9.666666666666666
0.96 10.285714285714285
0.961 10.285714285714285
0.962 10.666666666666666
0.963 10.666666666666666
0.964 10.666666666666666
0.965 10.666666666666666
0.966 10.666666666666666
0.967 11.0
0.968 11.0
0.969 11.666666666666666
0.97 11.666666666666666
0.971 11.666666666666666
0.972 12.0
0.973 12.0
0.974 12.0
0.975 12.666666666666666
0.976 13.0
0.977 13.0
0.978 13.0
0.979 14.0
0.98 14.0
0.981 14.0
0.982 15.0
0.983 15.0
0.984 16.0
0.985 16.0
0.986 17.0
0.987 18.0
0.988 19.0
0.989 20.0
0.99 21.0
0.991 22.0
0.992 24.0
0.993 26.0
0.994 29.0
0.995 33.0
0.996 39.0
0.997 48.0
0.998 65.0
0.999 103.0
