0 2 0.9
10 2 0.7403
20 2 0.6726
30 2 0.6293
40 2 0.5979
50 2 0.5735
60 2 0.5538
70 2 0.5375
80 2 0.5236
90 2 0.5117
100 2 0.5013
110 2 0.4923
120 2 0.4843
130 2 0.4772
140 2 0.4708
150 2 0.4651
160 2 0.46
170 2 0.4555
180 2 0.4513
190 2 0.4476
200 2 0.4442
210 2 0.4411
220 2 0.4383
230 2 0.4357
240 2 0.4334
250 2 0.4313
260 2 0.4294
270 2 0.4277
280 2 0.4261
290 2 0.4246
300 2 0.4233
310 2 0.4221
320 2 0.421
330 2 0.4199
340 2 0.419
350 2 0.4182
360 2 0.4174
370 2 0.4167
380 2 0.4161
390 2 0.4155
400 2 0.4149
410 2 0.4145
420 2 0.414
430 2 0.4136
440 2 0.4132
450 2 0.4129
460 2 0.4126
470 2 0.4123
480 2 0.4121
490 2 0.4118
500 2 0.4116
510 2 0.4114
520 2 0.4112
530 2 0.4111
540 2 0.4109
550 2 0.4108
560 2 0.4107
570 2 0.4106
580 2 0.4105
590 2 0.4104
600 2 0.4103
610 2 0.4102
620 2 0.4101
630 2 0.4101
640 2 0.41
650 2 0.41
660 2 0.4099
670 2 0.4099
680 2 0.4098
690 2 0.4098
700 2 0.4098
710 2 0.4097
720 2 0.4097
730 2 0.4097
740 2 0.4097
750 2 0.4096
760 2 0.4096
770 2 0.4096
780 2 0.4096
790 2 0.4096
800 2 0.4096
810 2 0.4096
820 2 0.4095
830 2 0.4095
840 2 0.4095
850 2 0.4095
860 2 0.4095
870 2 0.4095
880 2 0.4095
890 2 0.4095
900 2 0.4095
910 2 0.4095

0 3 0.9415
10 3 0.8153
20 3 0.7551
30 3 0.7154
40 3 0.6861
50 3 0.6631
60 3 0.6444
70 3 0.6288
80 3 0.6155
90 3 0.604
100 3 0.5941
110 3 0.5853
120 3 0.5775
130 3 0.5707
140 3 0.5645
150 3 0.559
160 3 0.554
170 3 0.5495
180 3 0.5455
190 3 0.5418
200 3 0.5385
210 3 0.5355
220 3 0.5328
230 3 0.5303
240 3 0.528
250 3 0.526
260 3 0.5241
270 3 0.5224
280 3 0.5208
290 3 0.5194
300 3 0.5181
310 3 0.5169
320 3 0.5158
330 3 0.5148
340 3 0.5139
350 3 0.5131
360 3 0.5123
370 3 0.5116
380 3 0.511
390 3 0.5104
400 3 0.5099
410 3 0.5094
420 3 0.509
430 3 0.5086
440 3 0.5082
450 3 0.5079
460 3 0.5076
470 3 0.5073
480 3 0.5071
490 3 0.5068
500 3 0.5066
510 3 0.5064
520 3 0.5063
530 3 0.5061
540 3 0.506
550 3 0.5058
560 3 0.5057
570 3 0.5056
580 3 0.5055
590 3 0.5054
600 3 0.5053
610 3 0.5052
620 3 0.5052
630 3 0.5051
640 3 0.5051
650 3 0.505
660 3 0.505
670 3 0.5049
680 3 0.5049
690 3 0.5048
700 3 0.5048
710 3 0.5048
720 3 0.5048
730 3 0.5047
740 3 0.5047
750 3 0.5047
760 3 0.5047
770 3 0.5047
780 3 0.5046
790 3 0.5046
800 3 0.5046
810 3 0.5046
820 3 0.5046
830 3 0.5046
840 3 0.5046
850 3 0.5046
860 3 0.5046
870 3 0.5046
880 3 0.5045
890 3 0.5045
900 3 0.5045
910 3 0.5045

0 4 0.9585
10 4 0.8534
20 4 0.7988
30 4 0.762
40 4 0.7343
50 4 0.7125
60 4 0.6946
70 4 0.6796
80 4 0.6668
90 4 0.6558
100 4 0.6461
110 4 0.6376
120 4 0.6301
130 4 0.6234
140 4 0.6174
150 4 0.612
160 4 0.6072
170 4 0.6028
180 4 0.5988
190 4 0.5953
200 4 0.592
210 4 0.5891
220 4 0.5864
230 4 0.584
240 4 0.5817
250 4 0.5797
260 4 0.5779
270 4 0.5762
280 4 0.5746
290 4 0.5732
300 4 0.572
310 4 0.5708
320 4 0.5697
330 4 0.5687
340 4 0.5679
350 4 0.567
360 4 0.5663
370 4 0.5656
380 4 0.565
390 4 0.5644
400 4 0.5639
410 4 0.5634
420 4 0.563
430 4 0.5626
440 4 0.5623
450 4 0.5619
460 4 0.5616
470 4 0.5614
480 4 0.5611
490 4 0.5609
500 4 0.5607
510 4 0.5605
520 4 0.5603
530 4 0.5602
540 4 0.56
550 4 0.5599
560 4 0.5598
570 4 0.5597
580 4 0.5596
590 4 0.5595
600 4 0.5594
610 4 0.5593
620 4 0.5593
630 4 0.5592
640 4 0.5591
650 4 0.5591
660 4 0.559
670 4 0.559
680 4 0.559
690 4 0.5589
700 4 0.5589
710 4 0.5589
720 4 0.5588
730 4 0.5588
740 4 0.5588
750 4 0.5588
760 4 0.5588
770 4 0.5587
780 4 0.5587
790 4 0.5587
800 4 0.5587
810 4 0.5587
820 4 0.5587
830 4 0.5587
840 4 0.5587
850 4 0.5586
860 4 0.5586
870 4 0.5586
880 4 0.5586
890 4 0.5586
900 4 0.5586
910 4 0.5586

0 5 0.9678
10 5 0.8773
20 5 0.8274
30 5 0.7928
40 5 0.7667
50 5 0.7458
60 5 0.7287
70 5 0.7142
80 5 0.7018
90 5 0.6911
100 5 0.6817
110 5 0.6735
120 5 0.6661
130 5 0.6596
140 5 0.6538
150 5 0.6485
160 5 0.6438
170 5 0.6395
180 5 0.6356
190 5 0.6321
200 5 0.6289
210 5 0.6261
220 5 0.6234
230 5 0.621
240 5 0.6188
250 5 0.6169
260 5 0.615
270 5 0.6134
280 5 0.6119
290 5 0.6105
300 5 0.6092
310 5 0.6081
320 5 0.607
330 5 0.6061
340 5 0.6052
350 5 0.6044
360 5 0.6037
370 5 0.603
380 5 0.6024
390 5 0.6018
400 5 0.6013
410 5 0.6008
420 5 0.6004
430 5 0.6
440 5 0.5997
450 5 0.5994
460 5 0.5991
470 5 0.5988
480 5 0.5985
490 5 0.5983
500 5 0.5981
510 5 0.5979
520 5 0.5978
530 5 0.5976
540 5 0.5975
550 5 0.5973
560 5 0.5972
570 5 0.5971
580 5 0.597
590 5 0.5969
600 5 0.5968
610 5 0.5968
620 5 0.5967
630 5 0.5966
640 5 0.5966
650 5 0.5965
660 5 0.5965
670 5 0.5965
680 5 0.5964
690 5 0.5964
700 5 0.5964
710 5 0.5963
720 5 0.5963
730 5 0.5963
740 5 0.5963
750 5 0.5962
760 5 0.5962
770 5 0.5962
780 5 0.5962
790 5 0.5962
800 5 0.5962
810 5 0.5961
820 5 0.5961
830 5 0.5961
840 5 0.5961
850 5 0.5961
860 5 0.5961
870 5 0.5961
880 5 0.5961
890 5 0.5961
900 5 0.5961
910 5 0.5961

0 6 0.9737
10 6 0.8941
20 6 0.8479
30 6 0.8154
40 6 0.7905
50 6 0.7705
60 6 0.754
70 6 0.74
80 6 0.7281
90 6 0.7176
100 6 0.7085
110 6 0.7005
120 6 0.6933
130 6 0.6869
140 6 0.6812
150 6 0.6761
160 6 0.6714
170 6 0.6672
180 6 0.6634
190 6 0.66
200 6 0.6569
210 6 0.654
220 6 0.6515
230 6 0.6491
240 6 0.647
250 6 0.645
260 6 0.6432
270 6 0.6416
280 6 0.6401
290 6 0.6387
300 6 0.6375
310 6 0.6364
320 6 0.6353
330 6 0.6344
340 6 0.6335
350 6 0.6327
360 6 0.632
370 6 0.6313
380 6 0.6307
390 6 0.6302
400 6 0.6297
410 6 0.6292
420 6 0.6288
430 6 0.6284
440 6 0.6281
450 6 0.6278
460 6 0.6275
470 6 0.6272
480 6 0.627
490 6 0.6267
500 6 0.6265
510 6 0.6264
520 6 0.6262
530 6 0.626
540 6 0.6259
550 6 0.6258
560 6 0.6256
570 6 0.6255
580 6 0.6254
590 6 0.6254
600 6 0.6253
610 6 0.6252
620 6 0.6251
630 6 0.6251
640 6 0.625
650 6 0.625
660 6 0.6249
670 6 0.6249
680 6 0.6248
690 6 0.6248
700 6 0.6248
710 6 0.6248
720 6 0.6247
730 6 0.6247
740 6 0.6247
750 6 0.6247
760 6 0.6246
770 6 0.6246
780 6 0.6246
790 6 0.6246
800 6 0.6246
810 6 0.6246
820 6 0.6246
830 6 0.6246
840 6 0.6246
850 6 0.6245
860 6 0.6245
870 6 0.6245
880 6 0.6245
890 6 0.6245
900 6 0.6245
910 6 0.6245

0 7 0.9778
10 7 0.9066
20 7 0.8636
30 7 0.8328
40 7 0.8091
50 7 0.7899
60 7 0.7739
70 7 0.7604
80 7 0.7488
90 7 0.7386
100 7 0.7298
110 7 0.7219
120 7 0.7149
130 7 0.7087
140 7 0.7031
150 7 0.698
160 7 0.6935
170 7 0.6894
180 7 0.6856
190 7 0.6823
200 7 0.6792
210 7 0.6764
220 7 0.6739
230 7 0.6715
240 7 0.6694
250 7 0.6675
260 7 0.6657
270 7 0.6641
280 7 0.6627
290 7 0.6613
300 7 0.6601
310 7 0.659
320 7 0.658
330 7 0.657
340 7 0.6562
350 7 0.6554
360 7 0.6547
370 7 0.654
380 7 0.6534
390 7 0.6529
400 7 0.6524
410 7 0.652
420 7 0.6515
430 7 0.6512
440 7 0.6508
450 7 0.6505
460 7 0.6502
470 7 0.6499
480 7 0.6497
490 7 0.6495
500 7 0.6493
510 7 0.6491
520 7 0.6489
530 7 0.6488
540 7 0.6487
550 7 0.6485
560 7 0.6484
570 7 0.6483
580 7 0.6482
590 7 0.6481
600 7 0.648
610 7 0.648
620 7 0.6479
630 7 0.6478
640 7 0.6478
650 7 0.6477
660 7 0.6477
670 7 0.6477
680 7 0.6476
690 7 0.6476
700 7 0.6476
710 7 0.6475
720 7 0.6475
730 7 0.6475
740 7 0.6475
750 7 0.6474
760 7 0.6474
770 7 0.6474
780 7 0.6474
790 7 0.6474
800 7 0.6474
810 7 0.6474
820 7 0.6473
830 7 0.6473
840 7 0.6473
850 7 0.6473
860 7 0.6473
870 7 0.6473
880 7 0.6473
890 7 0.6473
900 7 0.6473
910 7 0.6473

0 8 0.9807
10 8 0.9164
20 8 0.8761
30 8 0.8469
40 8 0.8241
50 8 0.8056
60 8 0.7902
70 8 0.7771
80 8 0.7658
90 8 0.7559
100 8 0.7472
110 8 0.7395
120 8 0.7327
130 8 0.7266
140 8 0.7211
150 8 0.7162
160 8 0.7117
170 8 0.7077
180 8 0.704
190 8 0.7007
200 8 0.6977
210 8 0.6949
220 8 0.6924
230 8 0.6901
240 8 0.6881
250 8 0.6862
260 8 0.6844
270 8 0.6828
280 8 0.6814
290 8 0.6801
300 8 0.6789
310 8 0.6778
320 8 0.6768
330 8 0.6758
340 8 0.675
350 8 0.6742
360 8 0.6735
370 8 0.6729
380 8 0.6723
390 8 0.6717
400 8 0.6713
410 8 0.6708
420 8 0.6704
430 8 0.67
440 8 0.6697
450 8 0.6694
460 8 0.6691
470 8 0.6688
480 8 0.6686
490 8 0.6684
500 8 0.6682
510 8 0.668
520 8 0.6678
530 8 0.6677
540 8 0.6675
550 8 0.6674
560 8 0.6673
570 8 0.6672
580 8 0.6671
590 8 0.667
600 8 0.6669
610 8 0.6669
620 8 0.6668
630 8 0.6667
640 8 0.6667
650 8 0.6666
660 8 0.6666
670 8 0.6666
680 8 0.6665
690 8 0.6665
700 8 0.6665
710 8 0.6664
720 8 0.6664
730 8 0.6664
740 8 0.6664
750 8 0.6663
760 8 0.6663
770 8 0.6663
780 8 0.6663
790 8 0.6663
800 8 0.6663
810 8 0.6663
820 8 0.6662
830 8 0.6662
840 8 0.6662
850 8 0.6662
860 8 0.6662
870 8 0.6662
880 8 0.6662
890 8 0.6662
900 8 0.6662
910 8 0.6662

0 9 0.983
10 9 0.9242
20 9 0.8863
30 9 0.8585
40 9 0.8366
50 9 0.8188
60 9 0.8038
70 9 0.7911
80 9 0.7801
90 9 0.7704
100 9 0.762
110 9 0.7545
120 9 0.7478
130 9 0.7418
140 9 0.7364
150 9 0.7315
160 9 0.7272
170 9 0.7232
180 9 0.7196
190 9 0.7163
200 9 0.7133
210 9 0.7106
220 9 0.7082
230 9 0.7059
240 9 0.7039
250 9 0.702
260 9 0.7003
270 9 0.6987
280 9 0.6973
290 9 0.696
300 9 0.6948
310 9 0.6937
320 9 0.6927
330 9 0.6918
340 9 0.691
350 9 0.6902
360 9 0.6895
370 9 0.6889
380 9 0.6883
390 9 0.6878
400 9 0.6873
410 9 0.6868
420 9 0.6864
430 9 0.6861
440 9 0.6857
450 9 0.6854
460 9 0.6851
470 9 0.6849
480 9 0.6846
490 9 0.6844
500 9 0.6842
510 9 0.6841
520 9 0.6839
530 9 0.6837
540 9 0.6836
550 9 0.6835
560 9 0.6834
570 9 0.6833
580 9 0.6832
590 9 0.6831
600 9 0.683
610 9 0.6829
620 9 0.6829
630 9 0.6828
640 9 0.6828
650 9 0.6827
660 9 0.6827
670 9 0.6826
680 9 0.6826
690 9 0.6826
700 9 0.6825
710 9 0.6825
720 9 0.6825
730 9 0.6825
740 9 0.6824
750 9 0.6824
760 9 0.6824
770 9 0.6824
780 9 0.6824
790 9 0.6824
800 9 0.6824
810 9 0.6823
820 9 0.6823
830 9 0.6823
840 9 0.6823
850 9 0.6823
860 9 0.6823
870 9 0.6823
880 9 0.6823
890 9 0.6823
900 9 0.6823
910 9 0.6823

0 10 0.9848
10 10 0.9306
20 10 0.8949
30 10 0.8683
40 10 0.8472
50 10 0.83
60 10 0.8155
70 10 0.8031
80 10 0.7923
90 10 0.7829
100 10 0.7747
110 10 0.7673
120 10 0.7607
130 10 0.7549
140 10 0.7496
150 10 0.7448
160 10 0.7405
170 10 0.7366
180 10 0.7331
190 10 0.7298
200 10 0.7269
210 10 0.7242
220 10 0.7218
230 10 0.7196
240 10 0.7176
250 10 0.7157
260 10 0.714
270 10 0.7125
280 10 0.7111
290 10 0.7098
300 10 0.7086
310 10 0.7075
320 10 0.7066
330 10 0.7057
340 10 0.7048
350 10 0.7041
360 10 0.7034
370 10 0.7028
380 10 0.7022
390 10 0.7017
400 10 0.7012
410 10 0.7008
420 10 0.7004
430 10 0.7
440 10 0.6997
450 10 0.6993
460 10 0.6991
470 10 0.6988
480 10 0.6986
490 10 0.6984
500 10 0.6982
510 10 0.698
520 10 0.6978
530 10 0.6977
540 10 0.6976
550 10 0.6974
560 10 0.6973
570 10 0.6972
580 10 0.6971
590 10 0.697
600 10 0.697
610 10 0.6969
620 10 0.6968
630 10 0.6968
640 10 0.6967
650 10 0.6967
660 10 0.6966
670 10 0.6966
680 10 0.6966
690 10 0.6965
700 10 0.6965
710 10 0.6965
720 10 0.6964
730 10 0.6964
740 10 0.6964
750 10 0.6964
760 10 0.6964
770 10 0.6963
780 10 0.6963
790 10 0.6963
800 10 0.6963
810 10 0.6963
820 10 0.6963
830 10 0.6963
840 10 0.6963
850 10 0.6963
860 10 0.6963
870 10 0.6962
880 10 0.6962
890 10 0.6962
900 10 0.6962
910 10 0.6962

0 11 0.9862
10 11 0.936
20 11 0.9021
30 11 0.8767
40 11 0.8564
50 11 0.8397
60 11 0.8256
70 11 0.8135
80 11 0.803
90 11 0.7939
100 11 0.7857
110 11 0.7785
120 11 0.7721
130 11 0.7663
140 11 0.7611
150 11 0.7564
160 11 0.7522
170 11 0.7484
180 11 0.7449
190 11 0.7417
200 11 0.7388
210 11 0.7362
220 11 0.7338
230 11 0.7316
240 11 0.7296
250 11 0.7278
260 11 0.7261
270 11 0.7246
280 11 0.7232
290 11 0.7219
300 11 0.7208
310 11 0.7197
320 11 0.7187
330 11 0.7179
340 11 0.717
350 11 0.7163
360 11 0.7156
370 11 0.715
380 11 0.7144
390 11 0.7139
400 11 0.7134
410 11 0.713
420 11 0.7126
430 11 0.7122
440 11 0.7119
450 11 0.7116
460 11 0.7113
470 11 0.7111
480 11 0.7108
490 11 0.7106
500 11 0.7104
510 11 0.7103
520 11 0.7101
530 11 0.71
540 11 0.7098
550 11 0.7097
560 11 0.7096
570 11 0.7095
580 11 0.7094
590 11 0.7093
600 11 0.7092
610 11 0.7092
620 11 0.7091
630 11 0.7091
640 11 0.709
650 11 0.709
660 11 0.7089
670 11 0.7089
680 11 0.7088
690 11 0.7088
700 11 0.7088
710 11 0.7087
720 11 0.7087
730 11 0.7087
740 11 0.7087
750 11 0.7087
760 11 0.7086
770 11 0.7086
780 11 0.7086
790 11 0.7086
800 11 0.7086
810 11 0.7086
820 11 0.7086
830 11 0.7086
840 11 0.7086
850 11 0.7085
860 11 0.7085
870 11 0.7085
880 11 0.7085
890 11 0.7085
900 11 0.7085
910 11 0.7085

0 12 0.9874
10 12 0.9406
20 12 0.9084
30 12 0.884
40 12 0.8644
50 12 0.8482
60 12 0.8345
70 12 0.8227
80 12 0.8125
90 12 0.8035
100 12 0.7955
110 12 0.7885
120 12 0.7822
130 12 0.7765
140 12 0.7714
150 12 0.7668
160 12 0.7626
170 12 0.7588
180 12 0.7554
190 12 0.7523
200 12 0.7494
210 12 0.7468
220 12 0.7445
230 12 0.7423
240 12 0.7403
250 12 0.7385
260 12 0.7369
270 12 0.7354
280 12 0.734
290 12 0.7327
300 12 0.7316
310 12 0.7305
320 12 0.7296
330 12 0.7287
340 12 0.7279
350 12 0.7272
360 12 0.7265
370 12 0.7259
380 12 0.7253
390 12 0.7248
400 12 0.7243
410 12 0.7239
420 12 0.7235
430 12 0.7231
440 12 0.7228
450 12 0.7225
460 12 0.7222
470 12 0.722
480 12 0.7218
490 12 0.7216
500 12 0.7214
510 12 0.7212
520 12 0.721
530 12 0.7209
540 12 0.7208
550 12 0.7206
560 12 0.7205
570 12 0.7204
580 12 0.7203
590 12 0.7203
600 12 0.7202
610 12 0.7201
620 12 0.7201
630 12 0.72
640 12 0.7199
650 12 0.7199
660 12 0.7199
670 12 0.7198
680 12 0.7198
690 12 0.7197
700 12 0.7197
710 12 0.7197
720 12 0.7197
730 12 0.7196
740 12 0.7196
750 12 0.7196
760 12 0.7196
770 12 0.7196
780 12 0.7196
790 12 0.7195
800 12 0.7195
810 12 0.7195
820 12 0.7195
830 12 0.7195
840 12 0.7195
850 12 0.7195
860 12 0.7195
870 12 0.7195
880 12 0.7195
890 12 0.7195
900 12 0.7195
910 12 0.7195

0 13 0.9885
10 13 0.9446
20 13 0.9139
30 13 0.8904
40 13 0.8714
50 13 0.8557
60 13 0.8424
70 13 0.8309
80 13 0.8209
90 13 0.8121
100 13 0.8043
110 13 0.7974
120 13 0.7912
130 13 0.7856
140 13 0.7806
150 13 0.776
160 13 0.7719
170 13 0.7682
180 13 0.7648
190 13 0.7617
200 13 0.7589
210 13 0.7564
220 13 0.754
230 13 0.7519
240 13 0.75
250 13 0.7482
260 13 0.7466
270 13 0.7451
280 13 0.7437
290 13 0.7425
300 13 0.7413
310 13 0.7403
320 13 0.7393
330 13 0.7385
340 13 0.7377
350 13 0.7369
360 13 0.7363
370 13 0.7357
380 13 0.7351
390 13 0.7346
400 13 0.7341
410 13 0.7337
420 13 0.7333
430 13 0.733
440 13 0.7326
450 13 0.7323
460 13 0.7321
470 13 0.7318
480 13 0.7316
490 13 0.7314
500 13 0.7312
510 13 0.731
520 13 0.7309
530 13 0.7307
540 13 0.7306
550 13 0.7305
560 13 0.7304
570 13 0.7303
580 13 0.7302
590 13 0.7301
600 13 0.73
610 13 0.73
620 13 0.7299
630 13 0.7298
640 13 0.7298
650 13 0.7297
660 13 0.7297
670 13 0.7297
680 13 0.7296
690 13 0.7296
700 13 0.7296
710 13 0.7295
720 13 0.7295
730 13 0.7295
740 13 0.7295
750 13 0.7294
760 13 0.7294
770 13 0.7294
780 13 0.7294
790 13 0.7294
800 13 0.7294
810 13 0.7294
820 13 0.7294
830 13 0.7294
840 13 0.7293
850 13 0.7293
860 13 0.7293
870 13 0.7293
880 13 0.7293
890 13 0.7293
900 13 0.7293
910 13 0.7293

0 14 0.9893
10 14 0.9481
20 14 0.9187
30 14 0.8961
40 14 0.8777
50 14 0.8624
60 14 0.8494
70 14 0.8382
80 14 0.8284
90 14 0.8198
100 14 0.8122
110 14 0.8054
120 14 0.7993
130 14 0.7938
140 14 0.7889
150 14 0.7844
160 14 0.7804
170 14 0.7767
180 14 0.7733
190 14 0.7703
200 14 0.7675
210 14 0.765
220 14 0.7627
230 14 0.7606
240 14 0.7587
250 14 0.7569
260 14 0.7553
270 14 0.7538
280 14 0.7525
290 14 0.7513
300 14 0.7501
310 14 0.7491
320 14 0.7482
330 14 0.7473
340 14 0.7465
350 14 0.7458
360 14 0.7451
370 14 0.7445
380 14 0.744
390 14 0.7435
400 14 0.743
410 14 0.7426
420 14 0.7422
430 14 0.7419
440 14 0.7415
450 14 0.7412
460 14 0.741
470 14 0.7407
480 14 0.7405
490 14 0.7403
500 14 0.7401
510 14 0.7399
520 14 0.7398
530 14 0.7396
540 14 0.7395
550 14 0.7394
560 14 0.7393
570 14 0.7392
580 14 0.7391
590 14 0.739
600 14 0.7389
610 14 0.7389
620 14 0.7388
630 14 0.7388
640 14 0.7387
650 14 0.7387
660 14 0.7386
670 14 0.7386
680 14 0.7385
690 14 0.7385
700 14 0.7385
710 14 0.7385
720 14 0.7384
730 14 0.7384
740 14 0.7384
750 14 0.7384
760 14 0.7384
770 14 0.7383
780 14 0.7383
790 14 0.7383
800 14 0.7383
810 14 0.7383
820 14 0.7383
830 14 0.7383
840 14 0.7383
850 14 0.7383
860 14 0.7383
870 14 0.7383
880 14 0.7382
890 14 0.7382
900 14 0.7382
910 14 0.7382

0 15 0.99
10 15 0.9511
20 15 0.923
30 15 0.9012
40 15 0.8834
50 15 0.8685
60 15 0.8558
70 15 0.8449
80 15 0.8353
90 15 0.8268
100 15 0.8194
110 15 0.8127
120 15 0.8067
130 15 0.8013
140 15 0.7964
150 15 0.792
160 15 0.788
170 15 0.7844
180 15 0.7811
190 15 0.7781
200 15 0.7754
210 15 0.7729
220 15 0.7706
230 15 0.7685
240 15 0.7666
250 15 0.7649
260 15 0.7633
270 15 0.7618
280 15 0.7605
290 15 0.7593
300 15 0.7582
310 15 0.7572
320 15 0.7562
330 15 0.7554
340 15 0.7546
350 15 0.7539
360 15 0.7532
370 15 0.7526
380 15 0.7521
390 15 0.7516
400 15 0.7511
410 15 0.7507
420 15 0.7503
430 15 0.75
440 15 0.7497
450 15 0.7494
460 15 0.7491
470 15 0.7489
480 15 0.7486
490 15 0.7484
500 15 0.7483
510 15 0.7481
520 15 0.7479
530 15 0.7478
540 15 0.7477
550 15 0.7475
560 15 0.7474
570 15 0.7473
580 15 0.7473
590 15 0.7472
600 15 0.7471
610 15 0.747
620 15 0.747
630 15 0.7469
640 15 0.7469
650 15 0.7468
660 15 0.7468
670 15 0.7467
680 15 0.7467
690 15 0.7467
700 15 0.7466
710 15 0.7466
720 15 0.7466
730 15 0.7466
740 15 0.7465
750 15 0.7465
760 15 0.7465
770 15 0.7465
780 15 0.7465
790 15 0.7465
800 15 0.7465
810 15 0.7465
820 15 0.7464
830 15 0.7464
840 15 0.7464
850 15 0.7464
860 15 0.7464
870 15 0.7464
880 15 0.7464
890 15 0.7464
900 15 0.7464
910 15 0.7464

0 16 0.9907
10 16 0.9538
20 16 0.9269
30 16 0.9058
40 16 0.8885
50 16 0.874
60 16 0.8616
70 16 0.8509
80 16 0.8415
90 16 0.8332
100 16 0.8259
110 16 0.8193
120 16 0.8134
130 16 0.8081
140 16 0.8033
150 16 0.799
160 16 0.795
170 16 0.7915
180 16 0.7882
190 16 0.7853
200 16 0.7826
210 16 0.7801
220 16 0.7779
230 16 0.7758
240 16 0.7739
250 16 0.7722
260 16 0.7706
270 16 0.7692
280 16 0.7679
290 16 0.7667
300 16 0.7656
310 16 0.7646
320 16 0.7636
330 16 0.7628
340 16 0.762
350 16 0.7613
360 16 0.7607
370 16 0.7601
380 16 0.7595
390 16 0.759
400 16 0.7586
410 16 0.7582
420 16 0.7578
430 16 0.7574
440 16 0.7571
450 16 0.7568
460 16 0.7566
470 16 0.7563
480 16 0.7561
490 16 0.7559
500 16 0.7557
510 16 0.7556
520 16 0.7554
530 16 0.7553
540 16 0.7551
550 16 0.755
560 16 0.7549
570 16 0.7548
580 16 0.7547
590 16 0.7547
600 16 0.7546
610 16 0.7545
620 16 0.7545
630 16 0.7544
640 16 0.7544
650 16 0.7543
660 16 0.7543
670 16 0.7542
680 16 0.7542
690 16 0.7542
700 16 0.7541
710 16 0.7541
720 16 0.7541
730 16 0.7541
740 16 0.754
750 16 0.754
760 16 0.754
770 16 0.754
780 16 0.754
790 16 0.754
800 16 0.754
810 16 0.7539
820 16 0.7539
830 16 0.7539
840 16 0.7539
850 16 0.7539
860 16 0.7539
870 16 0.7539
880 16 0.7539
890 16 0.7539
900 16 0.7539
910 16 0.7539

0 17 0.9913
10 17 0.9562
20 17 0.9304
30 17 0.9099
40 17 0.8931
50 17 0.879
60 17 0.8669
70 17 0.8564
80 17 0.8472
90 17 0.8391
100 17 0.8319
110 17 0.8254
120 17 0.8196
130 17 0.8144
140 17 0.8097
150 17 0.8054
160 17 0.8015
170 17 0.798
180 17 0.7948
190 17 0.7919
200 17 0.7892
210 17 0.7868
220 17 0.7845
230 17 0.7825
240 17 0.7806
250 17 0.7789
260 17 0.7774
270 17 0.776
280 17 0.7747
290 17 0.7735
300 17 0.7724
310 17 0.7714
320 17 0.7705
330 17 0.7696
340 17 0.7689
350 17 0.7682
360 17 0.7675
370 17 0.7669
380 17 0.7664
390 17 0.7659
400 17 0.7655
410 17 0.7651
420 17 0.7647
430 17 0.7643
440 17 0.764
450 17 0.7637
460 17 0.7635
470 17 0.7632
480 17 0.763
490 17 0.7628
500 17 0.7626
510 17 0.7625
520 17 0.7623
530 17 0.7622
540 17 0.7621
550 17 0.7619
560 17 0.7618
570 17 0.7617
580 17 0.7616
590 17 0.7616
600 17 0.7615
610 17 0.7614
620 17 0.7614
630 17 0.7613
640 17 0.7613
650 17 0.7612
660 17 0.7612
670 17 0.7611
680 17 0.7611
690 17 0.7611
700 17 0.761
710 17 0.761
720 17 0.761
730 17 0.761
740 17 0.761
750 17 0.7609
760 17 0.7609
770 17 0.7609
780 17 0.7609
790 17 0.7609
800 17 0.7609
810 17 0.7609
820 17 0.7609
830 17 0.7608
840 17 0.7608
850 17 0.7608
860 17 0.7608
870 17 0.7608
880 17 0.7608
890 17 0.7608
900 17 0.7608
910 17 0.7608

0 18 0.9918
10 18 0.9584
20 18 0.9335
30 18 0.9137
40 18 0.8974
50 18 0.8836
60 18 0.8718
70 18 0.8615
80 18 0.8525
90 18 0.8445
100 18 0.8374
110 18 0.8311
120 18 0.8253
130 18 0.8202
140 18 0.8155
150 18 0.8113
160 18 0.8075
170 18 0.804
180 18 0.8009
190 18 0.798
200 18 0.7953
210 18 0.7929
220 18 0.7907
230 18 0.7887
240 18 0.7869
250 18 0.7852
260 18 0.7837
270 18 0.7823
280 18 0.781
290 18 0.7798
300 18 0.7787
310 18 0.7777
320 18 0.7768
330 18 0.776
340 18 0.7752
350 18 0.7745
360 18 0.7739
370 18 0.7733
380 18 0.7728
390 18 0.7723
400 18 0.7718
410 18 0.7714
420 18 0.7711
430 18 0.7707
440 18 0.7704
450 18 0.7701
460 18 0.7699
470 18 0.7696
480 18 0.7694
490 18 0.7692
500 18 0.769
510 18 0.7689
520 18 0.7687
530 18 0.7686
540 18 0.7685
550 18 0.7683
560 18 0.7682
570 18 0.7681
580 18 0.7681
590 18 0.768
600 18 0.7679
610 18 0.7678
620 18 0.7678
630 18 0.7677
640 18 0.7677
650 18 0.7676
660 18 0.7676
670 18 0.7676
680 18 0.7675
690 18 0.7675
700 18 0.7675
710 18 0.7674
720 18 0.7674
730 18 0.7674
740 18 0.7674
750 18 0.7674
760 18 0.7673
770 18 0.7673
780 18 0.7673
790 18 0.7673
800 18 0.7673
810 18 0.7673
820 18 0.7673
830 18 0.7673
840 18 0.7673
850 18 0.7672
860 18 0.7672
870 18 0.7672
880 18 0.7672
890 18 0.7672
900 18 0.7672
910 18 0.7672

0 19 0.9922
10 19 0.9604
20 19 0.9364
30 19 0.9172
40 19 0.9013
50 19 0.8879
60 19 0.8763
70 19 0.8662
80 19 0.8574
90 19 0.8495
100 19 0.8425
110 19 0.8363
120 19 0.8307
130 19 0.8256
140 19 0.821
150 19 0.8168
160 19 0.8131
170 19 0.8096
180 19 0.8065
190 19 0.8036
200 19 0.801
210 19 0.7987
220 19 0.7965
230 19 0.7945
240 19 0.7927
250 19 0.791
260 19 0.7895
270 19 0.7881
280 19 0.7868
290 19 0.7857
300 19 0.7846
310 19 0.7836
320 19 0.7827
330 19 0.7819
340 19 0.7811
350 19 0.7804
360 19 0.7798
370 19 0.7792
380 19 0.7787
390 19 0.7782
400 19 0.7778
410 19 0.7774
420 19 0.777
430 19 0.7767
440 19 0.7764
450 19 0.7761
460 19 0.7758
470 19 0.7756
480 19 0.7754
490 19 0.7752
500 19 0.775
510 19 0.7748
520 19 0.7747
530 19 0.7746
540 19 0.7744
550 19 0.7743
560 19 0.7742
570 19 0.7741
580 19 0.774
590 19 0.774
600 19 0.7739
610 19 0.7738
620 19 0.7738
630 19 0.7737
640 19 0.7737
650 19 0.7736
660 19 0.7736
670 19 0.7735
680 19 0.7735
690 19 0.7735
700 19 0.7734
710 19 0.7734
720 19 0.7734
730 19 0.7734
740 19 0.7734
750 19 0.7733
760 19 0.7733
770 19 0.7733
780 19 0.7733
790 19 0.7733
800 19 0.7733
810 19 0.7733
820 19 0.7732
830 19 0.7732
840 19 0.7732
850 19 0.7732
860 19 0.7732
870 19 0.7732
880 19 0.7732
890 19 0.7732
900 19 0.7732
910 19 0.7732

0 20 0.9926
10 20 0.9622
20 20 0.939
30 20 0.9203
40 20 0.9049
50 20 0.8918
60 20 0.8804
70 20 0.8706
80 20 0.8619
90 20 0.8542
100 20 0.8473
110 20 0.8411
120 20 0.8356
130 20 0.8306
140 20 0.8261
150 20 0.822
160 20 0.8182
170 20 0.8148
180 20 0.8118
190 20 0.8089
200 20 0.8064
210 20 0.804
220 20 0.8019
230 20 0.7999
240 20 0.7981
250 20 0.7964
260 20 0.7949
270 20 0.7936
280 20 0.7923
290 20 0.7911
300 20 0.7901
310 20 0.7891
320 20 0.7882
330 20 0.7874
340 20 0.7867
350 20 0.786
360 20 0.7854
370 20 0.7848
380 20 0.7843
390 20 0.7838
400 20 0.7833
410 20 0.7829
420 20 0.7826
430 20 0.7822
440 20 0.7819
450 20 0.7817
460 20 0.7814
470 20 0.7812
480 20 0.781
490 20 0.7808
500 20 0.7806
510 20 0.7804
520 20 0.7803
530 20 0.7801
540 20 0.78
550 20 0.7799
560 20 0.7798
570 20 0.7797
580 20 0.7796
590 20 0.7795
600 20 0.7795
610 20 0.7794
620 20 0.7793
630 20 0.7793
640 20 0.7792
650 20 0.7792
660 20 0.7792
670 20 0.7791
680 20 0.7791
690 20 0.7791
700 20 0.779
710 20 0.779
720 20 0.779
730 20 0.779
740 20 0.7789
750 20 0.7789
760 20 0.7789
770 20 0.7789
780 20 0.7789
790 20 0.7789
800 20 0.7789
810 20 0.7788
820 20 0.7788
830 20 0.7788
840 20 0.7788
850 20 0.7788
860 20 0.7788
870 20 0.7788
880 20 0.7788
890 20 0.7788
900 20 0.7788
910 20 0.7788

0 21 0.993
10 21 0.9638
20 21 0.9414
30 21 0.9233
40 21 0.9082
50 21 0.8954
60 21 0.8843
70 21 0.8746
80 21 0.8661
90 21 0.8585
100 21 0.8517
110 21 0.8457
120 21 0.8402
130 21 0.8353
140 21 0.8308
150 21 0.8268
160 21 0.8231
170 21 0.8197
180 21 0.8167
190 21 0.8139
200 21 0.8113
210 21 0.809
220 21 0.8069
230 21 0.8049
240 21 0.8032
250 21 0.8015
260 21 0.8
270 21 0.7987
280 21 0.7974
290 21 0.7963
300 21 0.7952
310 21 0.7943
320 21 0.7934
330 21 0.7926
340 21 0.7918
350 21 0.7912
360 21 0.7905
370 21 0.79
380 21 0.7895
390 21 0.789
400 21 0.7885
410 21 0.7881
420 21 0.7878
430 21 0.7875
440 21 0.7872
450 21 0.7869
460 21 0.7866
470 21 0.7864
480 21 0.7862
490 21 0.786
500 21 0.7858
510 21 0.7856
520 21 0.7855
530 21 0.7854
540 21 0.7852
550 21 0.7851
560 21 0.785
570 21 0.7849
580 21 0.7848
590 21 0.7848
600 21 0.7847
610 21 0.7846
620 21 0.7846
630 21 0.7845
640 21 0.7845
650 21 0.7844
660 21 0.7844
670 21 0.7844
680 21 0.7843
690 21 0.7843
700 21 0.7843
710 21 0.7842
720 21 0.7842
730 21 0.7842
740 21 0.7842
750 21 0.7842
760 21 0.7841
770 21 0.7841
780 21 0.7841
790 21 0.7841
800 21 0.7841
810 21 0.7841
820 21 0.7841
830 21 0.7841
840 21 0.7841
850 21 0.7841
860 21 0.784
870 21 0.784
880 21 0.784
890 21 0.784
900 21 0.784
910 21 0.784

0 22 0.9933
10 22 0.9653
20 22 0.9436
30 22 0.926
40 22 0.9113
50 22 0.8988
60 22 0.8879
70 22 0.8784
80 22 0.87
90 22 0.8626
100 22 0.8559
110 22 0.8499
120 22 0.8445
130 22 0.8397
140 22 0.8353
150 22 0.8313
160 22 0.8276
170 22 0.8243
180 22 0.8213
190 22 0.8185
200 22 0.816
210 22 0.8137
220 22 0.8116
230 22 0.8097
240 22 0.8079
250 22 0.8063
260 22 0.8048
270 22 0.8035
280 22 0.8022
290 22 0.8011
300 22 0.8001
310 22 0.7991
320 22 0.7982
330 22 0.7974
340 22 0.7967
350 22 0.796
360 22 0.7954
370 22 0.7949
380 22 0.7943
390 22 0.7939
400 22 0.7934
410 22 0.793
420 22 0.7927
430 22 0.7924
440 22 0.7921
450 22 0.7918
460 22 0.7915
470 22 0.7913
480 22 0.7911
490 22 0.7909
500 22 0.7907
510 22 0.7906
520 22 0.7904
530 22 0.7903
540 22 0.7902
550 22 0.79
560 22 0.7899
570 22 0.7899
580 22 0.7898
590 22 0.7897
600 22 0.7896
610 22 0.7896
620 22 0.7895
630 22 0.7894
640 22 0.7894
650 22 0.7894
660 22 0.7893
670 22 0.7893
680 22 0.7892
690 22 0.7892
700 22 0.7892
710 22 0.7892
720 22 0.7891
730 22 0.7891
740 22 0.7891
750 22 0.7891
760 22 0.7891
770 22 0.7891
780 22 0.789
790 22 0.789
800 22 0.789
810 22 0.789
820 22 0.789
830 22 0.789
840 22 0.789
850 22 0.789
860 22 0.789
870 22 0.789
880 22 0.789
890 22 0.789
900 22 0.789
910 22 0.789

0 23 0.9936
10 23 0.9667
20 23 0.9457
30 23 0.9285
40 23 0.9142
50 23 0.9019
60 23 0.8913
70 23 0.8819
80 23 0.8737
90 23 0.8664
100 23 0.8598
110 23 0.8539
120 23 0.8486
130 23 0.8438
140 23 0.8394
150 23 0.8355
160 23 0.8319
170 23 0.8286
180 23 0.8256
190 23 0.8229
200 23 0.8204
210 23 0.8181
220 23 0.8161
230 23 0.8142
240 23 0.8124
250 23 0.8108
260 23 0.8093
270 23 0.808
280 23 0.8068
290 23 0.8057
300 23 0.8046
310 23 0.8037
320 23 0.8028
330 23 0.802
340 23 0.8013
350 23 0.8006
360 23 0.8
370 23 0.7995
380 23 0.799
390 23 0.7985
400 23 0.7981
410 23 0.7977
420 23 0.7973
430 23 0.797
440 23 0.7967
450 23 0.7964
460 23 0.7962
470 23 0.7959
480 23 0.7957
490 23 0.7955
500 23 0.7954
510 23 0.7952
520 23 0.7951
530 23 0.7949
540 23 0.7948
550 23 0.7947
560 23 0.7946
570 23 0.7945
580 23 0.7944
590 23 0.7943
600 23 0.7943
610 23 0.7942
620 23 0.7941
630 23 0.7941
640 23 0.794
650 23 0.794
660 23 0.794
670 23 0.7939
680 23 0.7939
690 23 0.7939
700 23 0.7938
710 23 0.7938
720 23 0.7938
730 23 0.7938
740 23 0.7937
750 23 0.7937
760 23 0.7937
770 23 0.7937
780 23 0.7937
790 23 0.7937
800 23 0.7937
810 23 0.7937
820 23 0.7936
830 23 0.7936
840 23 0.7936
850 23 0.7936
860 23 0.7936
870 23 0.7936
880 23 0.7936
890 23 0.7936
900 23 0.7936
910 23 0.7936

0 24 0.9939
10 24 0.9679
20 24 0.9476
30 24 0.9309
40 24 0.9169
50 24 0.9048
60 24 0.8944
70 24 0.8852
80 24 0.8771
90 24 0.8699
100 24 0.8635
110 24 0.8577
120 24 0.8524
130 24 0.8477
140 24 0.8434
150 24 0.8395
160 24 0.8359
170 24 0.8327
180 24 0.8297
190 24 0.827
200 24 0.8246
210 24 0.8223
220 24 0.8203
230 24 0.8184
240 24 0.8166
250 24 0.8151
260 24 0.8136
270 24 0.8123
280 24 0.8111
290 24 0.81
300 24 0.8089
310 24 0.808
320 24 0.8071
330 24 0.8063
340 24 0.8056
350 24 0.805
360 24 0.8044
370 24 0.8038
380 24 0.8033
390 24 0.8028
400 24 0.8024
410 24 0.802
420 24 0.8017
430 24 0.8013
440 24 0.8011
450 24 0.8008
460 24 0.8005
470 24 0.8003
480 24 0.8001
490 24 0.7999
500 24 0.7997
510 24 0.7996
520 24 0.7994
530 24 0.7993
540 24 0.7992
550 24 0.7991
560 24 0.799
570 24 0.7989
580 24 0.7988
590 24 0.7987
600 24 0.7987
610 24 0.7986
620 24 0.7985
630 24 0.7985
640 24 0.7984
650 24 0.7984
660 24 0.7984
670 24 0.7983
680 24 0.7983
690 24 0.7983
700 24 0.7982
710 24 0.7982
720 24 0.7982
730 24 0.7982
740 24 0.7981
750 24 0.7981
760 24 0.7981
770 24 0.7981
780 24 0.7981
790 24 0.7981
800 24 0.7981
810 24 0.798
820 24 0.798
830 24 0.798
840 24 0.798
850 24 0.798
860 24 0.798
870 24 0.798
880 24 0.798
890 24 0.798
900 24 0.798
910 24 0.798

0 25 0.9941
10 25 0.9691
20 25 0.9493
30 25 0.9331
40 25 0.9194
50 25 0.9076
60 25 0.8974
70 25 0.8884
80 25 0.8804
90 25 0.8733
100 25 0.8669
110 25 0.8612
120 25 0.856
130 25 0.8514
140 25 0.8471
150 25 0.8433
160 25 0.8397
170 25 0.8365
180 25 0.8336
190 25 0.831
200 25 0.8285
210 25 0.8263
220 25 0.8242
230 25 0.8224
240 25 0.8207
250 25 0.8191
260 25 0.8177
270 25 0.8163
280 25 0.8151
290 25 0.814
300 25 0.813
310 25 0.8121
320 25 0.8112
330 25 0.8104
340 25 0.8097
350 25 0.8091
360 25 0.8085
370 25 0.8079
380 25 0.8074
390 25 0.807
400 25 0.8065
410 25 0.8062
420 25 0.8058
430 25 0.8055
440 25 0.8052
450 25 0.8049
460 25 0.8047
470 25 0.8045
480 25 0.8042
490 25 0.8041
500 25 0.8039
510 25 0.8037
520 25 0.8036
530 25 0.8035
540 25 0.8033
550 25 0.8032
560 25 0.8031
570 25 0.803
580 25 0.803
590 25 0.8029
600 25 0.8028
610 25 0.8028
620 25 0.8027
630 25 0.8026
640 25 0.8026
650 25 0.8026
660 25 0.8025
670 25 0.8025
680 25 0.8024
690 25 0.8024
700 25 0.8024
710 25 0.8024
720 25 0.8023
730 25 0.8023
740 25 0.8023
750 25 0.8023
760 25 0.8023
770 25 0.8023
780 25 0.8022
790 25 0.8022
800 25 0.8022
810 25 0.8022
820 25 0.8022
830 25 0.8022
840 25 0.8022
850 25 0.8022
860 25 0.8022
870 25 0.8022
880 25 0.8022
890 25 0.8022
900 25 0.8022
910 25 0.8022

0 26 0.9943
10 26 0.9702
20 26 0.951
30 26 0.9351
40 26 0.9217
50 26 0.9102
60 26 0.9001
70 26 0.8913
80 26 0.8835
90 26 0.8765
100 26 0.8702
110 26 0.8645
120 26 0.8594
130 26 0.8548
140 26 0.8506
150 26 0.8468
160 26 0.8433
170 26 0.8402
180 26 0.8373
190 26 0.8347
200 26 0.8322
210 26 0.83
220 26 0.828
230 26 0.8262
240 26 0.8245
250 26 0.8229
260 26 0.8215
270 26 0.8202
280 26 0.819
290 26 0.8179
300 26 0.8169
310 26 0.816
320 26 0.8151
330 26 0.8143
340 26 0.8136
350 26 0.813
360 26 0.8124
370 26 0.8118
380 26 0.8113
390 26 0.8109
400 26 0.8105
410 26 0.8101
420 26 0.8097
430 26 0.8094
440 26 0.8091
450 26 0.8089
460 26 0.8086
470 26 0.8084
480 26 0.8082
490 26 0.808
500 26 0.8078
510 26 0.8077
520 26 0.8075
530 26 0.8074
540 26 0.8073
550 26 0.8072
560 26 0.8071
570 26 0.807
580 26 0.8069
590 26 0.8068
600 26 0.8068
610 26 0.8067
620 26 0.8066
630 26 0.8066
640 26 0.8065
650 26 0.8065
660 26 0.8065
670 26 0.8064
680 26 0.8064
690 26 0.8064
700 26 0.8063
710 26 0.8063
720 26 0.8063
730 26 0.8063
740 26 0.8062
750 26 0.8062
760 26 0.8062
770 26 0.8062
780 26 0.8062
790 26 0.8062
800 26 0.8062
810 26 0.8062
820 26 0.8062
830 26 0.8061
840 26 0.8061
850 26 0.8061
860 26 0.8061
870 26 0.8061
880 26 0.8061
890 26 0.8061
900 26 0.8061
910 26 0.8061

0 27 0.9946
10 27 0.9712
20 27 0.9525
30 27 0.9371
40 27 0.924
50 27 0.9126
60 27 0.9028
70 27 0.8941
80 27 0.8864
90 27 0.8795
100 27 0.8733
110 27 0.8677
120 27 0.8627
130 27 0.8581
140 27 0.854
150 27 0.8502
160 27 0.8468
170 27 0.8436
180 27 0.8408
190 27 0.8382
200 27 0.8358
210 27 0.8336
220 27 0.8316
230 27 0.8298
240 27 0.8281
250 27 0.8265
260 27 0.8251
270 27 0.8238
280 27 0.8226
290 27 0.8216
300 27 0.8206
310 27 0.8196
320 27 0.8188
330 27 0.818
340 27 0.8173
350 27 0.8167
360 27 0.8161
370 27 0.8156
380 27 0.8151
390 27 0.8146
400 27 0.8142
410 27 0.8138
420 27 0.8135
430 27 0.8132
440 27 0.8129
450 27 0.8126
460 27 0.8124
470 27 0.8121
480 27 0.8119
490 27 0.8117
500 27 0.8116
510 27 0.8114
520 27 0.8113
530 27 0.8111
540 27 0.811
550 27 0.8109
560 27 0.8108
570 27 0.8107
580 27 0.8107
590 27 0.8106
600 27 0.8105
610 27 0.8104
620 27 0.8104
630 27 0.8103
640 27 0.8103
650 27 0.8103
660 27 0.8102
670 27 0.8102
680 27 0.8101
690 27 0.8101
700 27 0.8101
710 27 0.8101
720 27 0.81
730 27 0.81
740 27 0.81
750 27 0.81
760 27 0.81
770 27 0.81
780 27 0.8099
790 27 0.8099
800 27 0.8099
810 27 0.8099
820 27 0.8099
830 27 0.8099
840 27 0.8099
850 27 0.8099
860 27 0.8099
870 27 0.8099
880 27 0.8099
890 27 0.8099
900 27 0.8099
910 27 0.8099

0 28 0.9948
10 28 0.9722
20 28 0.954
30 28 0.9389
40 28 0.926
50 28 0.915
60 28 0.9053
70 28 0.8967
80 28 0.8891
90 28 0.8823
100 28 0.8762
110 28 0.8707
120 28 0.8657
130 28 0.8612
140 28 0.8571
150 28 0.8534
160 28 0.85
170 28 0.8469
180 28 0.8441
190 28 0.8415
200 28 0.8391
210 28 0.837
220 28 0.835
230 28 0.8332
240 28 0.8315
250 28 0.83
260 28 0.8286
270 28 0.8273
280 28 0.8261
290 28 0.825
300 28 0.8241
310 28 0.8231
320 28 0.8223
330 28 0.8216
340 28 0.8209
350 28 0.8202
360 28 0.8196
370 28 0.8191
380 28 0.8186
390 28 0.8182
400 28 0.8177
410 28 0.8174
420 28 0.817
430 28 0.8167
440 28 0.8164
450 28 0.8162
460 28 0.8159
470 28 0.8157
480 28 0.8155
490 28 0.8153
500 28 0.8151
510 28 0.815
520 28 0.8148
530 28 0.8147
540 28 0.8146
550 28 0.8145
560 28 0.8144
570 28 0.8143
580 28 0.8142
590 28 0.8142
600 28 0.8141
610 28 0.814
620 28 0.814
630 28 0.8139
640 28 0.8139
650 28 0.8138
660 28 0.8138
670 28 0.8138
680 28 0.8137
690 28 0.8137
700 28 0.8137
710 28 0.8136
720 28 0.8136
730 28 0.8136
740 28 0.8136
750 28 0.8136
760 28 0.8136
770 28 0.8135
780 28 0.8135
790 28 0.8135
800 28 0.8135
810 28 0.8135
820 28 0.8135
830 28 0.8135
840 28 0.8135
850 28 0.8135
860 28 0.8135
870 28 0.8135
880 28 0.8134
890 28 0.8134
900 28 0.8134
910 28 0.8134

0 29 0.9949
10 29 0.973
20 29 0.9554
30 29 0.9406
40 29 0.928
50 29 0.9171
60 29 0.9076
70 29 0.8992
80 29 0.8917
90 29 0.885
100 29 0.879
110 29 0.8736
120 29 0.8687
130 29 0.8642
140 29 0.8602
150 29 0.8565
160 29 0.8531
170 29 0.8501
180 29 0.8473
190 29 0.8447
200 29 0.8423
210 29 0.8402
220 29 0.8382
230 29 0.8364
240 29 0.8348
250 29 0.8333
260 29 0.8319
270 29 0.8306
280 29 0.8294
290 29 0.8284
300 29 0.8274
310 29 0.8265
320 29 0.8257
330 29 0.8249
340 29 0.8242
350 29 0.8236
360 29 0.823
370 29 0.8225
380 29 0.822
390 29 0.8215
400 29 0.8211
410 29 0.8208
420 29 0.8204
430 29 0.8201
440 29 0.8198
450 29 0.8196
460 29 0.8193
470 29 0.8191
480 29 0.8189
490 29 0.8187
500 29 0.8185
510 29 0.8184
520 29 0.8183
530 29 0.8181
540 29 0.818
550 29 0.8179
560 29 0.8178
570 29 0.8177
580 29 0.8176
590 29 0.8176
600 29 0.8175
610 29 0.8174
620 29 0.8174
630 29 0.8173
640 29 0.8173
650 29 0.8172
660 29 0.8172
670 29 0.8172
680 29 0.8171
690 29 0.8171
700 29 0.8171
710 29 0.8171
720 29 0.817
730 29 0.817
740 29 0.817
750 29 0.817
760 29 0.817
770 29 0.817
780 29 0.8169
790 29 0.8169
800 29 0.8169
810 29 0.8169
820 29 0.8169
830 29 0.8169
840 29 0.8169
850 29 0.8169
860 29 0.8169
870 29 0.8169
880 29 0.8169
890 29 0.8169
900 29 0.8169
910 29 0.8169

0 30 0.9951
10 30 0.9739
20 30 0.9566
30 30 0.9422
40 30 0.9299
50 30 0.9192
60 30 0.9098
70 30 0.9016
80 30 0.8942
90 30 0.8876
100 30 0.8816
110 30 0.8763
120 30 0.8714
130 30 0.867
140 30 0.863
150 30 0.8594
160 30 0.8561
170 30 0.853
180 30 0.8503
190 30 0.8477
200 30 0.8454
210 30 0.8433
220 30 0.8413
230 30 0.8396
240 30 0.8379
250 30 0.8364
260 30 0.835
270 30 0.8338
280 30 0.8326
290 30 0.8316
300 30 0.8306
310 30 0.8297
320 30 0.8289
330 30 0.8281
340 30 0.8274
350 30 0.8268
360 30 0.8262
370 30 0.8257
380 30 0.8252
390 30 0.8248
400 30 0.8244
410 30 0.824
420 30 0.8237
430 30 0.8233
440 30 0.8231
450 30 0.8228
460 30 0.8226
470 30 0.8223
480 30 0.8221
490 30 0.822
500 30 0.8218
510 30 0.8216
520 30 0.8215
530 30 0.8214
540 30 0.8213
550 30 0.8212
560 30 0.8211
570 30 0.821
580 30 0.8209
590 30 0.8208
600 30 0.8208
610 30 0.8207
620 30 0.8206
630 30 0.8206
640 30 0.8205
650 30 0.8205
660 30 0.8205
670 30 0.8204
680 30 0.8204
690 30 0.8204
700 30 0.8203
710 30 0.8203
720 30 0.8203
730 30 0.8203
740 30 0.8203
750 30 0.8202
760 30 0.8202
770 30 0.8202
780 30 0.8202
790 30 0.8202
800 30 0.8202
810 30 0.8202
820 30 0.8202
830 30 0.8202
840 30 0.8201
850 30 0.8201
860 30 0.8201
870 30 0.8201
880 30 0.8201
890 30 0.8201
900 30 0.8201
910 30 0.8201

0 31 0.9953
10 31 0.9747
20 31 0.9579
30 31 0.9437
40 31 0.9317
50 31 0.9212
60 31 0.912
70 31 0.9038
80 31 0.8965
90 31 0.89
100 31 0.8842
110 31 0.8789
120 31 0.8741
130 31 0.8697
140 31 0.8658
150 31 0.8622
160 31 0.8589
170 31 0.8559
180 31 0.8531
190 31 0.8506
200 31 0.8483
210 31 0.8462
220 31 0.8443
230 31 0.8425
240 31 0.8409
250 31 0.8394
260 31 0.8381
270 31 0.8368
280 31 0.8357
290 31 0.8346
300 31 0.8336
310 31 0.8328
320 31 0.8319
330 31 0.8312
340 31 0.8305
350 31 0.8299
360 31 0.8293
370 31 0.8288
380 31 0.8283
390 31 0.8279
400 31 0.8275
410 31 0.8271
420 31 0.8268
430 31 0.8264
440 31 0.8262
450 31 0.8259
460 31 0.8257
470 31 0.8255
480 31 0.8253
490 31 0.8251
500 31 0.8249
510 31 0.8248
520 31 0.8246
530 31 0.8245
540 31 0.8244
550 31 0.8243
560 31 0.8242
570 31 0.8241
580 31 0.824
590 31 0.8239
600 31 0.8239
610 31 0.8238
620 31 0.8238
630 31 0.8237
640 31 0.8237
650 31 0.8236
660 31 0.8236
670 31 0.8236
680 31 0.8235
690 31 0.8235
700 31 0.8235
710 31 0.8234
720 31 0.8234
730 31 0.8234
740 31 0.8234
750 31 0.8234
760 31 0.8233
770 31 0.8233
780 31 0.8233
790 31 0.8233
800 31 0.8233
810 31 0.8233
820 31 0.8233
830 31 0.8233
840 31 0.8233
850 31 0.8233
860 31 0.8233
870 31 0.8233
880 31 0.8232
890 31 0.8232
900 31 0.8232
910 31 0.8232

0 32 0.9954
10 32 0.9754
20 32 0.959
30 32 0.9452
40 32 0.9333
50 32 0.923
60 32 0.914
70 32 0.9059
80 32 0.8988
90 32 0.8924
100 32 0.8866
110 32 0.8813
120 32 0.8766
130 32 0.8723
140 32 0.8684
150 32 0.8648
160 32 0.8616
170 32 0.8586
180 32 0.8559
190 32 0.8534
200 32 0.8511
210 32 0.849
220 32 0.8471
230 32 0.8454
240 32 0.8438
250 32 0.8423
260 32 0.8409
270 32 0.8397
280 32 0.8386
290 32 0.8375
300 32 0.8366
310 32 0.8357
320 32 0.8349
330 32 0.8341
340 32 0.8335
350 32 0.8328
360 32 0.8323
370 32 0.8317
380 32 0.8313
390 32 0.8308
400 32 0.8304
410 32 0.8301
420 32 0.8297
430 32 0.8294
440 32 0.8291
450 32 0.8289
460 32 0.8286
470 32 0.8284
480 32 0.8282
490 32 0.8281
500 32 0.8279
510 32 0.8277
520 32 0.8276
530 32 0.8275
540 32 0.8274
550 32 0.8273
560 32 0.8272
570 32 0.8271
580 32 0.827
590 32 0.8269
600 32 0.8269
610 32 0.8268
620 32 0.8267
630 32 0.8267
640 32 0.8267
650 32 0.8266
660 32 0.8266
670 32 0.8265
680 32 0.8265
690 32 0.8265
700 32 0.8265
710 32 0.8264
720 32 0.8264
730 32 0.8264
740 32 0.8264
750 32 0.8264
760 32 0.8263
770 32 0.8263
780 32 0.8263
790 32 0.8263
800 32 0.8263
810 32 0.8263
820 32 0.8263
830 32 0.8263
840 32 0.8263
850 32 0.8263
860 32 0.8263
870 32 0.8262
880 32 0.8262
890 32 0.8262
900 32 0.8262
910 32 0.8262

0 33 0.9956
10 33 0.9761
20 33 0.9601
30 33 0.9466
40 33 0.9349
50 33 0.9248
60 33 0.9159
70 33 0.908
80 33 0.9009
90 33 0.8946
100 33 0.8889
110 33 0.8837
120 33 0.879
130 33 0.8748
140 33 0.8709
150 33 0.8674
160 33 0.8642
170 33 0.8612
180 33 0.8585
190 33 0.8561
200 33 0.8538
210 33 0.8517
220 33 0.8498
230 33 0.8481
240 33 0.8465
250 33 0.845
260 33 0.8437
270 33 0.8425
280 33 0.8413
290 33 0.8403
300 33 0.8394
310 33 0.8385
320 33 0.8377
330 33 0.837
340 33 0.8363
350 33 0.8357
360 33 0.8351
370 33 0.8346
380 33 0.8341
390 33 0.8337
400 33 0.8333
410 33 0.8329
420 33 0.8326
430 33 0.8323
440 33 0.832
450 33 0.8317
460 33 0.8315
470 33 0.8313
480 33 0.8311
490 33 0.8309
500 33 0.8308
510 33 0.8306
520 33 0.8305
530 33 0.8303
540 33 0.8302
550 33 0.8301
560 33 0.83
570 33 0.8299
580 33 0.8299
590 33 0.8298
600 33 0.8297
610 33 0.8297
620 33 0.8296
630 33 0.8296
640 33 0.8295
650 33 0.8295
660 33 0.8294
670 33 0.8294
680 33 0.8294
690 33 0.8294
700 33 0.8293
710 33 0.8293
720 33 0.8293
730 33 0.8293
740 33 0.8292
750 33 0.8292
760 33 0.8292
770 33 0.8292
780 33 0.8292
790 33 0.8292
800 33 0.8292
810 33 0.8292
820 33 0.8291
830 33 0.8291
840 33 0.8291
850 33 0.8291
860 33 0.8291
870 33 0.8291
880 33 0.8291
890 33 0.8291
900 33 0.8291
910 33 0.8291

0 34 0.9957
10 34 0.9767
20 34 0.9611
30 34 0.9479
40 34 0.9365
50 34 0.9265
60 34 0.9177
70 34 0.9099
80 34 0.903
90 34 0.8967
100 34 0.8911
110 34 0.886
120 34 0.8814
130 34 0.8771
140 34 0.8733
150 34 0.8698
160 34 0.8666
170 34 0.8637
180 34 0.8611
190 34 0.8586
200 34 0.8564
210 34 0.8543
220 34 0.8525
230 34 0.8507
240 34 0.8491
250 34 0.8477
260 34 0.8464
270 34 0.8451
280 34 0.844
290 34 0.843
300 34 0.842
310 34 0.8412
320 34 0.8404
330 34 0.8397
340 34 0.839
350 34 0.8384
360 34 0.8378
370 34 0.8373
380 34 0.8368
390 34 0.8364
400 34 0.836
410 34 0.8356
420 34 0.8353
430 34 0.835
440 34 0.8347
450 34 0.8345
460 34 0.8342
470 34 0.834
480 34 0.8338
490 34 0.8337
500 34 0.8335
510 34 0.8334
520 34 0.8332
530 34 0.8331
540 34 0.833
550 34 0.8329
560 34 0.8328
570 34 0.8327
580 34 0.8326
590 34 0.8326
600 34 0.8325
610 34 0.8324
620 34 0.8324
630 34 0.8323
640 34 0.8323
650 34 0.8322
660 34 0.8322
670 34 0.8322
680 34 0.8321
690 34 0.8321
700 34 0.8321
710 34 0.8321
720 34 0.832
730 34 0.832
740 34 0.832
750 34 0.832
760 34 0.832
770 34 0.832
780 34 0.8319
790 34 0.8319
800 34 0.8319
810 34 0.8319
820 34 0.8319
830 34 0.8319
840 34 0.8319
850 34 0.8319
860 34 0.8319
870 34 0.8319
880 34 0.8319
890 34 0.8319
900 34 0.8319
910 34 0.8319

0 35 0.9958
10 35 0.9774
20 35 0.9621
30 35 0.9491
40 35 0.9379
50 35 0.9281
60 35 0.9195
70 35 0.9118
80 35 0.9049
90 35 0.8988
100 35 0.8932
110 35 0.8881
120 35 0.8836
130 35 0.8794
140 35 0.8756
150 35 0.8722
160 35 0.869
170 35 0.8661
180 35 0.8635
190 35 0.8611
200 35 0.8589
210 35 0.8568
220 35 0.855
230 35 0.8532
240 35 0.8517
250 35 0.8502
260 35 0.8489
270 35 0.8477
280 35 0.8466
290 35 0.8456
300 35 0.8446
310 35 0.8438
320 35 0.843
330 35 0.8423
340 35 0.8416
350 35 0.841
360 35 0.8404
370 35 0.8399
380 35 0.8395
390 35 0.839
400 35 0.8386
410 35 0.8383
420 35 0.8379
430 35 0.8376
440 35 0.8374
450 35 0.8371
460 35 0.8369
470 35 0.8367
480 35 0.8365
490 35 0.8363
500 35 0.8361
510 35 0.836
520 35 0.8359
530 35 0.8357
540 35 0.8356
550 35 0.8355
560 35 0.8354
570 35 0.8353
580 35 0.8353
590 35 0.8352
600 35 0.8351
610 35 0.8351
620 35 0.835
630 35 0.835
640 35 0.8349
650 35 0.8349
660 35 0.8348
670 35 0.8348
680 35 0.8348
690 35 0.8348
700 35 0.8347
710 35 0.8347
720 35 0.8347
730 35 0.8347
740 35 0.8346
750 35 0.8346
760 35 0.8346
770 35 0.8346
780 35 0.8346
790 35 0.8346
800 35 0.8346
810 35 0.8346
820 35 0.8346
830 35 0.8345
840 35 0.8345
850 35 0.8345
860 35 0.8345
870 35 0.8345
880 35 0.8345
890 35 0.8345
900 35 0.8345
910 35 0.8345

0 36 0.9959
10 36 0.978
20 36 0.963
30 36 0.9503
40 36 0.9393
50 36 0.9297
60 36 0.9211
70 36 0.9136
80 36 0.9068
90 36 0.9007
100 36 0.8952
110 36 0.8902
120 36 0.8857
130 36 0.8816
140 36 0.8778
150 36 0.8744
160 36 0.8713
170 36 0.8684
180 36 0.8658
190 36 0.8634
200 36 0.8612
210 36 0.8592
220 36 0.8574
230 36 0.8557
240 36 0.8541
250 36 0.8527
260 36 0.8514
270 36 0.8502
280 36 0.8491
290 36 0.848
300 36 0.8471
310 36 0.8463
320 36 0.8455
330 36 0.8448
340 36 0.8441
350 36 0.8435
360 36 0.8429
370 36 0.8424
380 36 0.842
390 36 0.8416
400 36 0.8412
410 36 0.8408
420 36 0.8405
430 36 0.8402
440 36 0.8399
450 36 0.8397
460 36 0.8394
470 36 0.8392
480 36 0.839
490 36 0.8388
500 36 0.8387
510 36 0.8385
520 36 0.8384
530 36 0.8383
540 36 0.8382
550 36 0.8381
560 36 0.838
570 36 0.8379
580 36 0.8378
590 36 0.8377
600 36 0.8377
610 36 0.8376
620 36 0.8376
630 36 0.8375
640 36 0.8375
650 36 0.8374
660 36 0.8374
670 36 0.8374
680 36 0.8373
690 36 0.8373
700 36 0.8373
710 36 0.8373
720 36 0.8372
730 36 0.8372
740 36 0.8372
750 36 0.8372
760 36 0.8372
770 36 0.8372
780 36 0.8371
790 36 0.8371
800 36 0.8371
810 36 0.8371
820 36 0.8371
830 36 0.8371
840 36 0.8371
850 36 0.8371
860 36 0.8371
870 36 0.8371
880 36 0.8371
890 36 0.8371
900 36 0.8371
910 36 0.8371

0 37 0.996
10 37 0.9785
20 37 0.9639
30 37 0.9514
40 37 0.9406
50 37 0.9311
60 37 0.9227
70 37 0.9153
80 37 0.9086
90 37 0.9026
100 37 0.8971
110 37 0.8922
120 37 0.8877
130 37 0.8837
140 37 0.88
150 37 0.8766
160 37 0.8735
170 37 0.8707
180 37 0.8681
190 37 0.8657
200 37 0.8635
210 37 0.8615
220 37 0.8597
230 37 0.858
240 37 0.8565
250 37 0.855
260 37 0.8537
270 37 0.8525
280 37 0.8514
290 37 0.8504
300 37 0.8495
310 37 0.8487
320 37 0.8479
330 37 0.8472
340 37 0.8465
350 37 0.8459
360 37 0.8454
370 37 0.8449
380 37 0.8444
390 37 0.844
400 37 0.8436
410 37 0.8432
420 37 0.8429
430 37 0.8426
440 37 0.8423
450 37 0.8421
460 37 0.8419
470 37 0.8417
480 37 0.8415
490 37 0.8413
500 37 0.8411
510 37 0.841
520 37 0.8409
530 37 0.8407
540 37 0.8406
550 37 0.8405
560 37 0.8404
570 37 0.8403
580 37 0.8403
590 37 0.8402
600 37 0.8401
610 37 0.8401
620 37 0.84
630 37 0.84
640 37 0.8399
650 37 0.8399
660 37 0.8399
670 37 0.8398
680 37 0.8398
690 37 0.8398
700 37 0.8397
710 37 0.8397
720 37 0.8397
730 37 0.8397
740 37 0.8397
750 37 0.8396
760 37 0.8396
770 37 0.8396
780 37 0.8396
790 37 0.8396
800 37 0.8396
810 37 0.8396
820 37 0.8396
830 37 0.8396
840 37 0.8396
850 37 0.8395
860 37 0.8395
870 37 0.8395
880 37 0.8395
890 37 0.8395
900 37 0.8395
910 37 0.8395

0 38 0.9962
10 38 0.979
20 38 0.9647
30 38 0.9525
40 38 0.9419
50 38 0.9325
60 38 0.9243
70 38 0.9169
80 38 0.9103
90 38 0.9044
100 38 0.899
110 38 0.8941
120 38 0.8897
130 38 0.8857
140 38 0.882
150 38 0.8787
160 38 0.8756
170 38 0.8728
180 38 0.8702
190 38 0.8679
200 38 0.8657
210 38 0.8637
220 38 0.8619
230 38 0.8602
240 38 0.8587
250 38 0.8573
260 38 0.856
270 38 0.8548
280 38 0.8537
290 38 0.8527
300 38 0.8518
310 38 0.851
320 38 0.8502
330 38 0.8495
340 38 0.8489
350 38 0.8483
360 38 0.8477
370 38 0.8472
380 38 0.8468
390 38 0.8463
400 38 0.8459
410 38 0.8456
420 38 0.8453
430 38 0.845
440 38 0.8447
450 38 0.8445
460 38 0.8442
470 38 0.844
480 38 0.8438
490 38 0.8437
500 38 0.8435
510 38 0.8434
520 38 0.8432
530 38 0.8431
540 38 0.843
550 38 0.8429
560 38 0.8428
570 38 0.8427
580 38 0.8426
590 38 0.8426
600 38 0.8425
610 38 0.8424
620 38 0.8424
630 38 0.8423
640 38 0.8423
650 38 0.8423
660 38 0.8422
670 38 0.8422
680 38 0.8422
690 38 0.8421
700 38 0.8421
710 38 0.8421
720 38 0.8421
730 38 0.842
740 38 0.842
750 38 0.842
760 38 0.842
770 38 0.842
780 38 0.842
790 38 0.842
800 38 0.842
810 38 0.8419
820 38 0.8419
830 38 0.8419
840 38 0.8419
850 38 0.8419
860 38 0.8419
870 38 0.8419
880 38 0.8419
890 38 0.8419
900 38 0.8419
910 38 0.8419

0 39 0.9963
10 39 0.9796
20 39 0.9655
30 39 0.9535
40 39 0.9431
50 39 0.9339
60 39 0.9258
70 39 0.9185
80 39 0.912
90 39 0.9061
100 39 0.9008
110 39 0.896
120 39 0.8916
130 39 0.8876
140 39 0.884
150 39 0.8807
160 39 0.8776
170 39 0.8749
180 39 0.8723
190 39 0.87
200 39 0.8678
210 39 0.8659
220 39 0.8641
230 39 0.8624
240 39 0.8609
250 39 0.8595
260 39 0.8582
270 39 0.857
280 39 0.856
290 39 0.855
300 39 0.854
310 39 0.8532
320 39 0.8524
330 39 0.8517
340 39 0.8511
350 39 0.8505
360 39 0.85
370 39 0.8495
380 39 0.849
390 39 0.8486
400 39 0.8482
410 39 0.8479
420 39 0.8475
430 39 0.8472
440 39 0.847
450 39 0.8467
460 39 0.8465
470 39 0.8463
480 39 0.8461
490 39 0.8459
500 39 0.8458
510 39 0.8456
520 39 0.8455
530 39 0.8454
540 39 0.8453
550 39 0.8452
560 39 0.8451
570 39 0.845
580 39 0.8449
590 39 0.8449
600 39 0.8448
610 39 0.8447
620 39 0.8447
630 39 0.8446
640 39 0.8446
650 39 0.8446
660 39 0.8445
670 39 0.8445
680 39 0.8445
690 39 0.8444
700 39 0.8444
710 39 0.8444
720 39 0.8444
730 39 0.8443
740 39 0.8443
750 39 0.8443
760 39 0.8443
770 39 0.8443
780 39 0.8443
790 39 0.8443
800 39 0.8442
810 39 0.8442
820 39 0.8442
830 39 0.8442
840 39 0.8442
850 39 0.8442
860 39 0.8442
870 39 0.8442
880 39 0.8442
890 39 0.8442
900 39 0.8442
910 39 0.8442

0 40 0.9963
10 40 0.98
20 40 0.9663
30 40 0.9545
40 40 0.9442
50 40 0.9352
60 40 0.9272
70 40 0.92
80 40 0.9136
90 40 0.9078
100 40 0.9025
110 40 0.8978
120 40 0.8934
130 40 0.8895
140 40 0.8859
150 40 0.8826
160 40 0.8796
170 40 0.8768
180 40 0.8743
190 40 0.872
200 40 0.8699
210 40 0.8679
220 40 0.8661
230 40 0.8645
240 40 0.863
250 40 0.8616
260 40 0.8603
270 40 0.8592
280 40 0.8581
290 40 0.8571
300 40 0.8562
310 40 0.8554
320 40 0.8546
330 40 0.8539
340 40 0.8533
350 40 0.8527
360 40 0.8521
370 40 0.8516
380 40 0.8512
390 40 0.8508
400 40 0.8504
410 40 0.8501
420 40 0.8497
430 40 0.8494
440 40 0.8492
450 40 0.8489
460 40 0.8487
470 40 0.8485
480 40 0.8483
490 40 0.8481
500 40 0.848
510 40 0.8478
520 40 0.8477
530 40 0.8476
540 40 0.8475
550 40 0.8474
560 40 0.8473
570 40 0.8472
580 40 0.8471
590 40 0.8471
600 40 0.847
610 40 0.8469
620 40 0.8469
630 40 0.8468
640 40 0.8468
650 40 0.8468
660 40 0.8467
670 40 0.8467
680 40 0.8467
690 40 0.8466
700 40 0.8466
710 40 0.8466
720 40 0.8466
730 40 0.8465
740 40 0.8465
750 40 0.8465
760 40 0.8465
770 40 0.8465
780 40 0.8465
790 40 0.8465
800 40 0.8465
810 40 0.8464
820 40 0.8464
830 40 0.8464
840 40 0.8464
850 40 0.8464
860 40 0.8464
870 40 0.8464
880 40 0.8464
890 40 0.8464
900 40 0.8464
910 40 0.8464

0 41 0.9964
10 41 0.9805
20 41 0.967
30 41 0.9554
40 41 0.9453
50 41 0.9364
60 41 0.9285
70 41 0.9215
80 41 0.9151
90 41 0.9094
100 41 0.9042
110 41 0.8995
120 41 0.8952
130 41 0.8913
140 41 0.8877
150 41 0.8845
160 41 0.8815
170 41 0.8788
180 41 0.8762
190 41 0.874
200 41 0.8718
210 41 0.8699
220 41 0.8681
230 41 0.8665
240 41 0.865
250 41 0.8636
260 41 0.8624
270 41 0.8612
280 41 0.8602
290 41 0.8592
300 41 0.8583
310 41 0.8575
320 41 0.8567
330 41 0.856
340 41 0.8554
350 41 0.8548
360 41 0.8542
370 41 0.8538
380 41 0.8533
390 41 0.8529
400 41 0.8525
410 41 0.8522
420 41 0.8519
430 41 0.8516
440 41 0.8513
450 41 0.8511
460 41 0.8508
470 41 0.8506
480 41 0.8504
490 41 0.8503
500 41 0.8501
510 41 0.85
520 41 0.8498
530 41 0.8497
540 41 0.8496
550 41 0.8495
560 41 0.8494
570 41 0.8493
580 41 0.8493
590 41 0.8492
600 41 0.8491
610 41 0.8491
620 41 0.849
630 41 0.849
640 41 0.8489
650 41 0.8489
660 41 0.8489
670 41 0.8488
680 41 0.8488
690 41 0.8488
700 41 0.8487
710 41 0.8487
720 41 0.8487
730 41 0.8487
740 41 0.8487
750 41 0.8486
760 41 0.8486
770 41 0.8486
780 41 0.8486
790 41 0.8486
800 41 0.8486
810 41 0.8486
820 41 0.8486
830 41 0.8486
840 41 0.8486
850 41 0.8486
860 41 0.8485
870 41 0.8485
880 41 0.8485
890 41 0.8485
900 41 0.8485
910 41 0.8485

0 42 0.9965
10 42 0.9809
20 42 0.9677
30 42 0.9564
40 42 0.9464
50 42 0.9376
60 42 0.9298
70 42 0.9229
80 42 0.9166
90 42 0.9109
100 42 0.9058
110 42 0.9011
120 42 0.8969
130 42 0.893
140 42 0.8895
150 42 0.8863
160 42 0.8833
170 42 0.8806
180 42 0.8781
190 42 0.8758
200 42 0.8738
210 42 0.8718
220 42 0.8701
230 42 0.8685
240 42 0.867
250 42 0.8656
260 42 0.8644
270 42 0.8632
280 42 0.8621
290 42 0.8612
300 42 0.8603
310 42 0.8595
320 42 0.8587
330 42 0.858
340 42 0.8574
350 42 0.8568
360 42 0.8563
370 42 0.8558
380 42 0.8553
390 42 0.8549
400 42 0.8546
410 42 0.8542
420 42 0.8539
430 42 0.8536
440 42 0.8533
450 42 0.8531
460 42 0.8529
470 42 0.8527
480 42 0.8525
490 42 0.8523
500 42 0.8522
510 42 0.852
520 42 0.8519
530 42 0.8518
540 42 0.8517
550 42 0.8516
560 42 0.8515
570 42 0.8514
580 42 0.8513
590 42 0.8513
600 42 0.8512
610 42 0.8511
620 42 0.8511
630 42 0.851
640 42 0.851
650 42 0.851
660 42 0.8509
670 42 0.8509
680 42 0.8509
690 42 0.8508
700 42 0.8508
710 42 0.8508
720 42 0.8508
730 42 0.8507
740 42 0.8507
750 42 0.8507
760 42 0.8507
770 42 0.8507
780 42 0.8507
790 42 0.8507
800 42 0.8507
810 42 0.8506
820 42 0.8506
830 42 0.8506
840 42 0.8506
850 42 0.8506
860 42 0.8506
870 42 0.8506
880 42 0.8506
890 42 0.8506
900 42 0.8506
910 42 0.8506

0 43 0.9966
10 43 0.9814
20 43 0.9684
30 43 0.9572
40 43 0.9474
50 43 0.9388
60 43 0.9311
70 43 0.9242
80 43 0.918
90 43 0.9124
100 43 0.9073
110 43 0.9027
120 43 0.8985
130 43 0.8947
140 43 0.8912
150 43 0.888
160 43 0.8851
170 43 0.8824
180 43 0.8799
190 43 0.8777
200 43 0.8756
210 43 0.8737
220 43 0.872
230 43 0.8703
240 43 0.8689
250 43 0.8675
260 43 0.8663
270 43 0.8651
280 43 0.8641
290 43 0.8631
300 43 0.8622
310 43 0.8614
320 43 0.8607
330 43 0.86
340 43 0.8594
350 43 0.8588
360 43 0.8583
370 43 0.8578
380 43 0.8573
390 43 0.8569
400 43 0.8565
410 43 0.8562
420 43 0.8559
430 43 0.8556
440 43 0.8553
450 43 0.8551
460 43 0.8549
470 43 0.8547
480 43 0.8545
490 43 0.8543
500 43 0.8542
510 43 0.854
520 43 0.8539
530 43 0.8538
540 43 0.8537
550 43 0.8536
560 43 0.8535
570 43 0.8534
580 43 0.8533
590 43 0.8533
600 43 0.8532
610 43 0.8531
620 43 0.8531
630 43 0.853
640 43 0.853
650 43 0.853
660 43 0.8529
670 43 0.8529
680 43 0.8529
690 43 0.8528
700 43 0.8528
710 43 0.8528
720 43 0.8528
730 43 0.8528
740 43 0.8527
750 43 0.8527
760 43 0.8527
770 43 0.8527
780 43 0.8527
790 43 0.8527
800 43 0.8527
810 43 0.8527
820 43 0.8526
830 43 0.8526
840 43 0.8526
850 43 0.8526
860 43 0.8526
870 43 0.8526
880 43 0.8526
890 43 0.8526
900 43 0.8526
910 43 0.8526

0 44 0.9967
10 44 0.9818
20 44 0.969
30 44 0.9581
40 44 0.9484
50 44 0.9399
60 44 0.9323
70 44 0.9255
80 44 0.9194
90 44 0.9138
100 44 0.9088
110 44 0.9043
120 44 0.9001
130 44 0.8963
140 44 0.8929
150 44 0.8897
160 44 0.8868
170 44 0.8841
180 44 0.8817
190 44 0.8794
200 44 0.8774
210 44 0.8755
220 44 0.8738
230 44 0.8722
240 44 0.8707
250 44 0.8694
260 44 0.8681
270 44 0.867
280 44 0.866
290 44 0.865
300 44 0.8641
310 44 0.8633
320 44 0.8626
330 44 0.8619
340 44 0.8613
350 44 0.8607
360 44 0.8602
370 44 0.8597
380 44 0.8592
390 44 0.8588
400 44 0.8585
410 44 0.8581
420 44 0.8578
430 44 0.8575
440 44 0.8573
450 44 0.857
460 44 0.8568
470 44 0.8566
480 44 0.8564
490 44 0.8563
500 44 0.8561
510 44 0.856
520 44 0.8558
530 44 0.8557
540 44 0.8556
550 44 0.8555
560 44 0.8554
570 44 0.8553
580 44 0.8553
590 44 0.8552
600 44 0.8551
610 44 0.8551
620 44 0.855
630 44 0.855
640 44 0.8549
650 44 0.8549
660 44 0.8549
670 44 0.8548
680 44 0.8548
690 44 0.8548
700 44 0.8548
710 44 0.8547
720 44 0.8547
730 44 0.8547
740 44 0.8547
750 44 0.8547
760 44 0.8546
770 44 0.8546
780 44 0.8546
790 44 0.8546
800 44 0.8546
810 44 0.8546
820 44 0.8546
830 44 0.8546
840 44 0.8546
850 44 0.8546
860 44 0.8546
870 44 0.8546
880 44 0.8545
890 44 0.8545
900 44 0.8545
910 44 0.8545

0 45 0.9968
10 45 0.9821
20 45 0.9697
30 45 0.9589
40 45 0.9494
50 45 0.941
60 45 0.9335
70 45 0.9268
80 45 0.9207
90 45 0.9152
100 45 0.9103
110 45 0.9058
120 45 0.9016
130 45 0.8979
140 45 0.8945
150 45 0.8913
160 45 0.8884
170 45 0.8858
180 45 0.8834
190 45 0.8812
200 45 0.8791
210 45 0.8772
220 45 0.8755
230 45 0.8739
240 45 0.8725
250 45 0.8712
260 45 0.8699
270 45 0.8688
280 45 0.8678
290 45 0.8668
300 45 0.8659
310 45 0.8651
320 45 0.8644
330 45 0.8637
340 45 0.8631
350 45 0.8625
360 45 0.862
370 45 0.8615
380 45 0.8611
390 45 0.8607
400 45 0.8603
410 45 0.86
420 45 0.8597
430 45 0.8594
440 45 0.8591
450 45 0.8589
460 45 0.8587
470 45 0.8585
480 45 0.8583
490 45 0.8581
500 45 0.858
510 45 0.8578
520 45 0.8577
530 45 0.8576
540 45 0.8575
550 45 0.8574
560 45 0.8573
570 45 0.8572
580 45 0.8571
590 45 0.8571
600 45 0.857
610 45 0.857
620 45 0.8569
630 45 0.8569
640 45 0.8568
650 45 0.8568
660 45 0.8567
670 45 0.8567
680 45 0.8567
690 45 0.8567
700 45 0.8566
710 45 0.8566
720 45 0.8566
730 45 0.8566
740 45 0.8566
750 45 0.8565
760 45 0.8565
770 45 0.8565
780 45 0.8565
790 45 0.8565
800 45 0.8565
810 45 0.8565
820 45 0.8565
830 45 0.8565
840 45 0.8564
850 45 0.8564
860 45 0.8564
870 45 0.8564
880 45 0.8564
890 45 0.8564
900 45 0.8564
910 45 0.8564

0 46 0.9968
10 46 0.9825
20 46 0.9703
30 46 0.9596
40 46 0.9503
50 46 0.942
60 46 0.9346
70 46 0.928
80 46 0.922
90 46 0.9166
100 46 0.9117
110 46 0.9072
120 46 0.9031
130 46 0.8994
140 46 0.896
150 46 0.8929
160 46 0.89
170 46 0.8874
180 46 0.885
190 46 0.8828
200 46 0.8808
210 46 0.8789
220 46 0.8772
230 46 0.8757
240 46 0.8742
250 46 0.8729
260 46 0.8717
270 46 0.8705
280 46 0.8695
290 46 0.8686
300 46 0.8677
310 46 0.8669
320 46 0.8662
330 46 0.8655
340 46 0.8649
350 46 0.8643
360 46 0.8638
370 46 0.8633
380 46 0.8629
390 46 0.8625
400 46 0.8621
410 46 0.8618
420 46 0.8615
430 46 0.8612
440 46 0.8609
450 46 0.8607
460 46 0.8605
470 46 0.8603
480 46 0.8601
490 46 0.8599
500 46 0.8598
510 46 0.8596
520 46 0.8595
530 46 0.8594
540 46 0.8593
550 46 0.8592
560 46 0.8591
570 46 0.859
580 46 0.859
590 46 0.8589
600 46 0.8588
610 46 0.8588
620 46 0.8587
630 46 0.8587
640 46 0.8586
650 46 0.8586
660 46 0.8586
670 46 0.8585
680 46 0.8585
690 46 0.8585
700 46 0.8585
710 46 0.8584
720 46 0.8584
730 46 0.8584
740 46 0.8584
750 46 0.8584
760 46 0.8583
770 46 0.8583
780 46 0.8583
790 46 0.8583
800 46 0.8583
810 46 0.8583
820 46 0.8583
830 46 0.8583
840 46 0.8583
850 46 0.8583
860 46 0.8583
870 46 0.8583
880 46 0.8583
890 46 0.8582
900 46 0.8582
910 46 0.8582

0 47 0.9969
10 47 0.9829
20 47 0.9708
30 47 0.9604
40 47 0.9512
50 47 0.943
60 47 0.9357
70 47 0.9291
80 47 0.9232
90 47 0.9179
100 47 0.913
110 47 0.9086
120 47 0.9046
130 47 0.9009
140 47 0.8975
150 47 0.8944
160 47 0.8916
170 47 0.889
180 47 0.8866
190 47 0.8844
200 47 0.8824
210 47 0.8806
220 47 0.8789
230 47 0.8773
240 47 0.8759
250 47 0.8746
260 47 0.8734
270 47 0.8722
280 47 0.8712
290 47 0.8703
300 47 0.8694
310 47 0.8686
320 47 0.8679
330 47 0.8672
340 47 0.8666
350 47 0.8661
360 47 0.8655
370 47 0.8651
380 47 0.8646
390 47 0.8642
400 47 0.8639
410 47 0.8635
420 47 0.8632
430 47 0.863
440 47 0.8627
450 47 0.8625
460 47 0.8622
470 47 0.862
480 47 0.8619
490 47 0.8617
500 47 0.8615
510 47 0.8614
520 47 0.8613
530 47 0.8612
540 47 0.8611
550 47 0.861
560 47 0.8609
570 47 0.8608
580 47 0.8607
590 47 0.8607
600 47 0.8606
610 47 0.8605
620 47 0.8605
630 47 0.8604
640 47 0.8604
650 47 0.8604
660 47 0.8603
670 47 0.8603
680 47 0.8603
690 47 0.8602
700 47 0.8602
710 47 0.8602
720 47 0.8602
730 47 0.8602
740 47 0.8601
750 47 0.8601
760 47 0.8601
770 47 0.8601
780 47 0.8601
790 47 0.8601
800 47 0.8601
810 47 0.8601
820 47 0.8601
830 47 0.86
840 47 0.86
850 47 0.86
860 47 0.86
870 47 0.86
880 47 0.86
890 47 0.86
900 47 0.86
910 47 0.86

0 48 0.997
10 48 0.9832
20 48 0.9714
30 48 0.9611
40 48 0.952
50 48 0.9439
60 48 0.9367
70 48 0.9303
80 48 0.9244
90 48 0.9191
100 48 0.9143
110 48 0.9099
120 48 0.9059
130 48 0.9023
140 48 0.899
150 48 0.8959
160 48 0.8931
170 48 0.8905
180 48 0.8882
190 48 0.886
200 48 0.884
210 48 0.8822
220 48 0.8805
230 48 0.8789
240 48 0.8775
250 48 0.8762
260 48 0.875
270 48 0.8739
280 48 0.8729
290 48 0.8719
300 48 0.8711
310 48 0.8703
320 48 0.8696
330 48 0.8689
340 48 0.8683
350 48 0.8677
360 48 0.8672
370 48 0.8668
380 48 0.8663
390 48 0.8659
400 48 0.8656
410 48 0.8652
420 48 0.8649
430 48 0.8647
440 48 0.8644
450 48 0.8642
460 48 0.864
470 48 0.8638
480 48 0.8636
490 48 0.8634
500 48 0.8633
510 48 0.8631
520 48 0.863
530 48 0.8629
540 48 0.8628
550 48 0.8627
560 48 0.8626
570 48 0.8625
580 48 0.8624
590 48 0.8624
600 48 0.8623
610 48 0.8623
620 48 0.8622
630 48 0.8622
640 48 0.8621
650 48 0.8621
660 48 0.8621
670 48 0.862
680 48 0.862
690 48 0.862
700 48 0.8619
710 48 0.8619
720 48 0.8619
730 48 0.8619
740 48 0.8619
750 48 0.8618
760 48 0.8618
770 48 0.8618
780 48 0.8618
790 48 0.8618
800 48 0.8618
810 48 0.8618
820 48 0.8618
830 48 0.8618
840 48 0.8618
850 48 0.8618
860 48 0.8618
870 48 0.8617
880 48 0.8617
890 48 0.8617
900 48 0.8617
910 48 0.8617

0 49 0.997
10 49 0.9835
20 49 0.9719
30 49 0.9618
40 49 0.9528
50 49 0.9449
60 49 0.9378
70 49 0.9314
80 49 0.9256
90 49 0.9203
100 49 0.9156
110 49 0.9112
120 49 0.9073
130 49 0.9037
140 49 0.9004
150 49 0.8973
160 49 0.8945
170 49 0.892
180 49 0.8897
190 49 0.8875
200 49 0.8855
210 49 0.8837
220 49 0.882
230 49 0.8805
240 49 0.8791
250 49 0.8778
260 49 0.8766
270 49 0.8755
280 49 0.8745
290 49 0.8736
300 49 0.8727
310 49 0.8719
320 49 0.8712
330 49 0.8705
340 49 0.8699
350 49 0.8694
360 49 0.8689
370 49 0.8684
380 49 0.868
390 49 0.8676
400 49 0.8672
410 49 0.8669
420 49 0.8666
430 49 0.8663
440 49 0.8661
450 49 0.8658
460 49 0.8656
470 49 0.8654
480 49 0.8652
490 49 0.8651
500 49 0.8649
510 49 0.8648
520 49 0.8647
530 49 0.8646
540 49 0.8644
550 49 0.8644
560 49 0.8643
570 49 0.8642
580 49 0.8641
590 49 0.864
600 49 0.864
610 49 0.8639
620 49 0.8639
630 49 0.8638
640 49 0.8638
650 49 0.8638
660 49 0.8637
670 49 0.8637
680 49 0.8637
690 49 0.8636
700 49 0.8636
710 49 0.8636
720 49 0.8636
730 49 0.8636
740 49 0.8635
750 49 0.8635
760 49 0.8635
770 49 0.8635
780 49 0.8635
790 49 0.8635
800 49 0.8635
810 49 0.8635
820 49 0.8634
830 49 0.8634
840 49 0.8634
850 49 0.8634
860 49 0.8634
870 49 0.8634
880 49 0.8634
890 49 0.8634
900 49 0.8634
910 49 0.8634

0 50 0.9971
10 50 0.9838
20 50 0.9724
30 50 0.9624
40 50 0.9536
50 50 0.9458
60 50 0.9387
70 50 0.9324
80 50 0.9267
90 50 0.9215
100 50 0.9168
110 50 0.9125
120 50 0.9086
130 50 0.905
140 50 0.9017
150 50 0.8987
160 50 0.896
170 50 0.8934
180 50 0.8911
190 50 0.889
200 50 0.887
210 50 0.8852
220 50 0.8835
230 50 0.882
240 50 0.8806
250 50 0.8793
260 50 0.8781
270 50 0.877
280 50 0.876
290 50 0.8751
300 50 0.8743
310 50 0.8735
320 50 0.8728
330 50 0.8721
340 50 0.8715
350 50 0.871
360 50 0.8705
370 50 0.87
380 50 0.8696
390 50 0.8692
400 50 0.8688
410 50 0.8685
420 50 0.8682
430 50 0.8679
440 50 0.8677
450 50 0.8674
460 50 0.8672
470 50 0.867
480 50 0.8669
490 50 0.8667
500 50 0.8665
510 50 0.8664
520 50 0.8663
530 50 0.8662
540 50 0.8661
550 50 0.866
560 50 0.8659
570 50 0.8658
580 50 0.8657
590 50 0.8657
600 50 0.8656
610 50 0.8656
620 50 0.8655
630 50 0.8655
640 50 0.8654
650 50 0.8654
660 50 0.8653
670 50 0.8653
680 50 0.8653
690 50 0.8653
700 50 0.8652
710 50 0.8652
720 50 0.8652
730 50 0.8652
740 50 0.8652
750 50 0.8651
760 50 0.8651
770 50 0.8651
780 50 0.8651
790 50 0.8651
800 50 0.8651
810 50 0.8651
820 50 0.8651
830 50 0.8651
840 50 0.8651
850 50 0.8651
860 50 0.865
870 50 0.865
880 50 0.865
890 50 0.865
900 50 0.865
910 50 0.865

0 51 0.9971
10 51 0.9841
20 51 0.9729
30 51 0.9631
40 51 0.9544
50 51 0.9466
60 51 0.9397
70 51 0.9334
80 51 0.9278
90 51 0.9227
100 51 0.918
110 51 0.9137
120 51 0.9099
130 51 0.9063
140 51 0.9031
150 51 0.9001
160 51 0.8973
170 51 0.8948
180 51 0.8925
190 51 0.8904
200 51 0.8884
210 51 0.8867
220 51 0.885
230 51 0.8835
240 51 0.8821
250 51 0.8808
260 51 0.8796
270 51 0.8786
280 51 0.8776
290 51 0.8767
300 51 0.8758
310 51 0.875
320 51 0.8743
330 51 0.8737
340 51 0.8731
350 51 0.8725
360 51 0.872
370 51 0.8716
380 51 0.8711
390 51 0.8707
400 51 0.8704
410 51 0.8701
420 51 0.8698
430 51 0.8695
440 51 0.8692
450 51 0.869
460 51 0.8688
470 51 0.8686
480 51 0.8684
490 51 0.8683
500 51 0.8681
510 51 0.868
520 51 0.8679
530 51 0.8677
540 51 0.8676
550 51 0.8675
560 51 0.8675
570 51 0.8674
580 51 0.8673
590 51 0.8672
600 51 0.8672
610 51 0.8671
620 51 0.8671
630 51 0.867
640 51 0.867
650 51 0.867
660 51 0.8669
670 51 0.8669
680 51 0.8669
690 51 0.8668
700 51 0.8668
710 51 0.8668
720 51 0.8668
730 51 0.8668
740 51 0.8667
750 51 0.8667
760 51 0.8667
770 51 0.8667
780 51 0.8667
790 51 0.8667
800 51 0.8667
810 51 0.8667
820 51 0.8667
830 51 0.8666
840 51 0.8666
850 51 0.8666
860 51 0.8666
870 51 0.8666
880 51 0.8666
890 51 0.8666
900 51 0.8666
910 51 0.8666

0 52 0.9972
10 52 0.9844
20 52 0.9734
30 52 0.9637
40 52 0.9551
50 52 0.9475
60 52 0.9406
70 52 0.9344
80 52 0.9288
90 52 0.9238
100 52 0.9191
110 52 0.9149
120 52 0.9111
130 52 0.9076
140 52 0.9043
150 52 0.9014
160 52 0.8987
170 52 0.8962
180 52 0.8939
190 52 0.8918
200 52 0.8899
210 52 0.8881
220 52 0.8864
230 52 0.8849
240 52 0.8836
250 52 0.8823
260 52 0.8811
270 52 0.88
280 52 0.879
290 52 0.8781
300 52 0.8773
310 52 0.8765
320 52 0.8758
330 52 0.8752
340 52 0.8746
350 52 0.874
360 52 0.8735
370 52 0.8731
380 52 0.8726
390 52 0.8723
400 52 0.8719
410 52 0.8716
420 52 0.8713
430 52 0.871
440 52 0.8708
450 52 0.8705
460 52 0.8703
470 52 0.8701
480 52 0.87
490 52 0.8698
500 52 0.8696
510 52 0.8695
520 52 0.8694
530 52 0.8693
540 52 0.8692
550 52 0.8691
560 52 0.869
570 52 0.8689
580 52 0.8688
590 52 0.8688
600 52 0.8687
610 52 0.8687
620 52 0.8686
630 52 0.8686
640 52 0.8685
650 52 0.8685
660 52 0.8685
670 52 0.8684
680 52 0.8684
690 52 0.8684
700 52 0.8684
710 52 0.8683
720 52 0.8683
730 52 0.8683
740 52 0.8683
750 52 0.8683
760 52 0.8682
770 52 0.8682
780 52 0.8682
790 52 0.8682
800 52 0.8682
810 52 0.8682
820 52 0.8682
830 52 0.8682
840 52 0.8682
850 52 0.8682
860 52 0.8682
870 52 0.8682
880 52 0.8682
890 52 0.8682
900 52 0.8681
910 52 0.8681

